   1.5690720e+06   3.3287199e+00   2.3067829e-01
   1.5698160e+06   1.9901251e+00  -2.5962448e+00
   1.5704880e+06   4.3584329e-01   2.5179836e-01
   1.5712320e+06   1.4519454e+00   1.3221868e+00
   1.5719520e+06   3.8725522e-01   2.6171033e+00
   1.5726960e+06  -1.5186200e+00   6.9223709e-02
   1.5734160e+06   1.4718541e+00   1.6080000e+00
   1.5741600e+06   8.6479068e-01   1.6408795e+00
   1.5749040e+06  -2.3930259e+00   1.2666596e+00
   1.5756240e+06   9.0224874e-01   1.7739137e-01
   1.5763680e+06  -6.6574767e-02   2.4627094e-01
   1.5770880e+06   1.4110734e+00  -2.1797845e+00
   1.5778320e+06   8.1716454e-01  -3.0707960e+00
   1.5785760e+06   2.3629780e+00  -3.8009889e+00
   1.5792720e+06   8.3697653e-01  -9.4952708e-01
   1.5800160e+06   1.3336174e+00   2.0903978e+00
   1.5807360e+06   1.0852410e+00   1.1833972e+00
   1.5814800e+06   6.8395036e-01   1.4482203e+00
   1.5822000e+06   8.0589867e-01   2.7046664e+00
   1.5829440e+06   4.9945545e-01   1.2778788e+00
   1.5836880e+06  -1.2174520e+00   8.4162486e-01
   1.5844080e+06   3.1992894e-01  -6.3210899e-01
   1.5851520e+06   1.5996816e+00  -1.9433295e+00
   1.5858720e+06   5.9131718e-01  -3.1482418e+00
   1.5866160e+06   3.1568422e+00  -4.1775432e+00
   1.5873600e+06   5.7006389e-01  -1.0584297e+00
   1.5880320e+06   3.2051706e+00  -2.1920040e+00
   1.5887760e+06   1.3241470e+00   1.7727449e+00
   1.5894960e+06  -1.8902805e-01   1.7676407e-01
   1.5902400e+06   1.5262631e+00   2.1215184e+00
   1.5909600e+06   8.8344479e-01   2.0949633e+00
   1.5917040e+06  -5.8542591e-01   6.6850376e-01
   1.5924480e+06   1.4130552e-01  -8.0422485e-01
   1.5931680e+06  -1.0370522e+00  -2.2096927e+00
   1.5939120e+06   2.4009056e+00  -3.3084495e+00
   1.5946320e+06   2.8130062e+00  -1.6796190e+00
   1.5953760e+06   2.3966331e+00  -1.1596341e+00
   1.5961200e+06  -3.3757737e-01  -1.8097788e+00
   1.5967920e+06  -9.7748357e-01  -2.9939181e-01
   1.5975360e+06   7.5277966e-03  -2.4654482e-01
   1.5982560e+06   2.1205571e-01   1.2319267e+00
   1.5990000e+06   3.8136160e-01   2.0931149e+00
   1.5997200e+06   1.8991060e+00   2.4389846e+00
   1.6004640e+06   4.5173422e-01   1.0080777e+00
   1.6012080e+06  -1.9822817e+00  -8.2512176e-01
   1.6019280e+06  -1.6567898e+00  -2.5319970e+00
   1.6026720e+06  -2.1086731e+00  -1.6178428e+00
   1.6033920e+06  -1.1254772e-01  -4.8477814e-01
   1.6041360e+06   1.3452229e-01  -2.8911114e+00
   1.6048800e+06   2.1763863e-01  -2.6953354e+00
   1.6055520e+06   1.3887284e+00   8.6919911e-02
   1.6062960e+06   3.0724986e+00   1.4643946e+00
   1.6070160e+06  -6.7313857e-02   2.6484046e+00
   1.6077600e+06  -1.3164517e+00   1.4861521e-01
   1.6084800e+06   1.2018865e+00   1.3831439e+00
   1.6092240e+06   6.7697316e-01   1.1899713e+00
   1.6099680e+06  -5.3695214e-01  -1.1590106e+00
   1.6106880e+06  -2.1739538e+00  -1.3727823e+00
   1.6114320e+06   2.5343544e+00   2.0002942e-01
   1.6121520e+06   1.1796145e+00  -1.0813990e+00
   1.6128960e+06  -3.3594899e-02  -3.4036908e+00
   1.6136400e+06   1.7535270e+00   1.0991021e+00
   1.6143360e+06   1.9403253e+00  -1.2155460e+00
   1.6150800e+06   1.3842863e+00   4.6777734e-01
   1.6158000e+06   2.1551707e+00   2.3898427e+00
   1.6165440e+06   7.5440758e-01   2.0805917e+00
   1.6172640e+06   2.6962206e+00   4.1543145e+00
   1.6180080e+06   1.1566628e+00   4.9757591e-01
   1.6187520e+06  -2.7613904e+00  -3.7818509e-01
   1.6194720e+06  -9.4074792e-01  -1.6828319e+00
   1.6202160e+06  -1.2007397e-01  -2.4150550e+00
   1.6209360e+06   1.5919255e+00  -3.7856370e-01
   1.6216800e+06   5.6536593e+00  -2.5333958e+00
   1.6224240e+06   2.1879973e+00  -9.0599138e-01
   1.6230960e+06   1.3320240e+00  -5.2081442e-01
   1.6238400e+06   1.8707161e+00   7.2630209e-01
   1.6245600e+06   5.6345075e-01   1.3523780e+00
   1.6253040e+06   1.5341672e+00   1.9530510e+00
   1.6260240e+06   2.0426471e+00   3.1183355e+00
   1.6267680e+06  -7.9474054e-02   7.0033205e-01
   1.6275120e+06  -1.5826957e+00  -1.3974788e+00
   1.6282320e+06  -3.2864552e+00  -5.1755613e-01
   1.6289760e+06  -1.8412544e-01   1.7903993e+00
   1.6296960e+06   4.6980662e+00  -1.5578402e+00
   1.6304400e+06   2.8871222e+00  -1.3219583e+00
   1.6311840e+06   1.7254649e+00  -1.2779896e+00
   1.6318560e+06   6.8548745e-01  -1.2381904e+00
   1.6326000e+06   2.2078841e+00  -9.6270609e-01
   1.6333200e+06   6.0321450e-01   5.5547112e-01
   1.6340640e+06   4.9961886e-01   2.7958162e+00
   1.6347840e+06   2.6030710e+00   2.9586599e+00
   1.6355280e+06   4.4693568e-01   2.4142537e+00
   1.6362720e+06  -1.3762777e+00  -3.8021597e-01
   1.6369920e+06  -6.8752122e-01  -1.2155569e+00
   1.6377360e+06  -1.8850784e+00  -8.4639591e-01
   1.6384560e+06  -6.9188583e-01  -2.6537302e+00
   1.6392000e+06   3.3531013e+00  -2.3985162e+00
   1.6399440e+06  -3.5997096e-02  -4.6469274e+00
   1.6406160e+06  -3.3919157e-03  -2.7196708e+00
   1.6413600e+06   1.1328712e+00  -9.4650304e-01
   1.6420800e+06   4.2765099e-01   1.0892069e+00
   1.6428240e+06   2.1701117e+00   2.1216309e+00
   1.6435440e+06   1.1645504e+00   1.3148470e+00
   1.6442880e+06   1.7811488e-01   1.2932441e+00
   1.6450320e+06  -9.9217653e-01   7.5512904e-01
   1.6457520e+06  -1.2951725e+00  -3.6835365e+00
   1.6464960e+06  -4.0946892e-01  -1.7064631e-01
   1.6472160e+06   2.7651145e+00  -1.4607093e+00
   1.6479600e+06   3.2811716e-01  -2.7479062e+00
   1.6487040e+06   1.5064650e+00  -1.2555647e+00
   1.6494000e+06   6.8913114e-01   1.8490903e-01
   1.6501440e+06   1.2838001e+00  -4.7944218e-01
   1.6508640e+06  -6.2879942e-02   3.4443578e-01
   1.6516080e+06   1.7205185e+00   5.5996114e-01
   1.6523280e+06   2.2696497e+00   3.8078842e+00
   1.6530720e+06   5.1122999e-01   3.6484725e+00
   1.6538160e+06  -1.3829873e+00  -2.4110353e-01
   1.6545360e+06   2.5663871e-01  -2.1286988e+00
   1.6552800e+06   5.4503953e-01   5.7604086e-01
   1.6560000e+06   2.2625148e+00  -2.5678828e+00
   1.6567440e+06   8.6977428e-01  -2.0555828e+00
   1.6574880e+06   1.3733244e+00  -1.2763414e+00
   1.6581600e+06  -6.4599979e-01  -8.0418432e-01
   1.6589040e+06   6.0319448e-01   1.6816525e-01
   1.6596240e+06   1.6968161e+00   1.3136173e+00
   1.6603680e+06   2.2804513e+00   3.8174255e+00
   1.6610880e+06   9.9156696e-01   2.4096403e+00
   1.6618320e+06   2.4764401e-01   1.1327450e+00
   1.6625760e+06  -3.0223277e+00   5.0135487e-01
   1.6632960e+06  -1.5299656e+00  -9.1036886e-01
   1.6640400e+06   2.2201803e+00   3.2336578e-01
   1.6647600e+06   1.6420662e+00  -4.3805256e+00
   1.6655040e+06   3.1887100e+00   9.0798748e-01
   1.6662480e+06   1.7607177e+00   5.7761091e-01
   1.6669200e+06  -4.2534259e-01   7.6310650e-02
   1.6676640e+06   8.1534916e-01   4.0123233e-01
   1.6683840e+06   1.1794665e+00   1.4047421e+00
   1.6691280e+06   9.9122310e-01   1.1919430e+00
   1.6698480e+06   6.9755077e-01   1.9589779e+00
   1.6705920e+06   5.4024631e-01   1.1192898e+00
   1.6713360e+06  -1.8867759e-01  -1.1558584e+00
   1.6720560e+06  -1.4952681e+00  -2.2192401e-01
   1.6728000e+06   1.6995604e+00  -1.5724462e+00
   1.6735200e+06   6.4011478e-01   1.9078317e-01
   1.6742640e+06   6.1288112e-01  -2.4081597e+00
   1.6750080e+06   2.2071357e+00  -1.3441235e+00
   1.6756800e+06   3.1923866e+00   5.0514573e-01
   1.6764240e+06   3.9265323e-01   9.5043236e-01
   1.6771440e+06  -5.2638042e-01   1.7175934e+00
   1.6778880e+06   6.1102614e-02   1.0599561e+00
   1.6786080e+06   3.3353460e+00   3.8755424e+00
   1.6793520e+06   5.5676776e-01   2.1497827e+00
   1.6800960e+06  -2.0171854e+00  -2.3288369e-01
   1.6808160e+06  -1.1987234e+00  -2.2456839e+00
   1.6815600e+06   1.1387646e+00  -7.2154272e-01
   1.6822800e+06   2.7964356e+00  -1.1094549e+00
   1.6830240e+06   2.3970454e+00  -1.5056487e+00
   1.6837680e+06   1.0893353e+00  -1.8936081e+00
   1.6844640e+06   2.2839229e+00  -5.3136766e-01
   1.6852080e+06   3.7863901e-01  -2.1689354e-01
   1.6859280e+06  -1.6278353e+00  -1.2736678e+00
   1.6866720e+06  -1.2970731e+00   1.2682260e+00
   1.6873920e+06   3.3716679e+00   3.5738745e+00
   1.6881360e+06   3.1970727e-01   1.8832060e+00
   1.6888800e+06  -2.3147445e+00  -7.2810560e-01
   1.6896000e+06  -2.2172363e-01  -1.5086834e+00
   1.6903440e+06  -1.1838247e+00  -3.7751931e-01
   1.6910640e+06   1.2250369e+00  -2.1692703e+00
   1.6918080e+06  -6.4296752e-01  -2.4177926e+00
   1.6925520e+06   1.2149303e+00  -3.5706501e+00
   1.6932240e+06   6.8710440e-01  -6.1133796e-01
   1.6939680e+06   8.3629602e-01  -8.6414802e-01
   1.6946880e+06   2.2363630e-01   1.7174553e+00
   1.6954320e+06   5.4884058e-01   2.2814217e+00
   1.6961520e+06   1.6695900e+00   2.4516845e+00
   1.6968960e+06  -6.2712497e-01   3.6073533e-01
   1.6976400e+06   8.1233853e-01   1.3732271e+00
   1.6983600e+06  -1.5822234e+00  -5.2136016e-01
   1.6991040e+06  -1.1577095e+00  -7.5913322e-01
   1.6998240e+06   2.7993309e+00  -2.9154451e+00
   1.7005680e+06   1.4261276e+00  -1.2493988e+00
   1.7013120e+06   1.0431470e+00  -9.8843807e-01
   1.7019840e+06   2.1062319e+00   1.0870200e+00
   1.7027280e+06   1.2109516e+00   1.9226438e+00
   1.7034480e+06  -1.2575176e-01  -8.9457703e-01
   1.7041920e+06   5.2057225e-01   3.0784461e+00
   1.7049120e+06   3.2367361e+00   5.0258474e+00
   1.7056560e+06   8.3968240e-01   1.4336765e+00
   1.7064000e+06   1.1292029e-01  -4.1134647e-01
   1.7071200e+06  -2.8292086e+00  -2.4940314e+00
   1.7078640e+06  -9.8340851e-01  -1.5065355e+00
   1.7085840e+06  -2.6786757e+00  -3.4254878e+00
   1.7093280e+06   2.1241238e+00  -1.4587542e+00
   1.7100720e+06   3.3267772e+00  -1.7429625e+00
   1.7107440e+06  -3.8999891e-01  -2.4689612e+00
   1.7114880e+06   2.1342424e-01   7.6444089e-01
   1.7122080e+06  -2.0984374e-01   7.8511059e-01
   1.7129520e+06  -8.7089354e-01   1.0165550e+00
   1.7136720e+06   1.4602560e+00   2.9313140e+00
   1.7144160e+06  -1.4116405e+00  -1.6211082e+00
   1.7151600e+06  -3.2116427e+00  -1.8183026e+00
   1.7158800e+06  -1.4978993e+00   5.5893582e-01
   1.7166240e+06   2.5924988e+00  -1.1609764e+00
   1.7173440e+06   2.2114060e+00  -3.1631250e+00
   1.7180880e+06   1.0531273e+00  -7.4380606e-01
   1.7188320e+06   2.9839470e+00  -1.1213627e+00
   1.7195280e+06   1.4995674e+00  -1.4273268e+00
   1.7202720e+06   2.9987390e+00   2.2489038e+00
   1.7209920e+06   7.0398247e-01   1.2856052e+00
   1.7217360e+06  -6.8103716e-02   2.2198944e+00
   1.7224560e+06   2.5199268e+00   3.4273682e+00
   1.7232000e+06  -8.1689352e-01  -1.0801548e-01
   1.7239440e+06   3.5696074e-02   1.7156264e+00
   1.7246640e+06  -7.0166045e-01  -1.1571085e+00
   1.7254080e+06   1.7074510e-01  -2.7290363e+00
   1.7261280e+06   1.9009682e+00  -6.2206662e-01
   1.7268720e+06   2.0577161e+00  -1.0933775e+00
   1.7276160e+06  -2.5002185e-02  -7.6457620e-01
   1.7282880e+06   4.2944607e-01   3.7381914e-01
   1.7290320e+06   2.0584259e+00  -8.9582115e-01
   1.7297520e+06   2.1462505e+00   1.1560113e+00
   1.7304960e+06  -9.2080891e-01   3.8913384e-01
   1.7312160e+06   1.1941204e+00   2.2503221e+00
   1.7319600e+06  -4.2710617e-01  -2.1940596e-01
   1.7327040e+06   2.2835357e-01   8.6455011e-01
   1.7334240e+06  -4.5325297e-01  -1.3452373e+00
   1.7341680e+06   2.8076422e+00  -9.1654134e-01
   1.7348880e+06   2.2135525e+00  -2.5379379e+00
   1.7356320e+06   4.4843873e-01  -5.9796846e-01
   1.7363760e+06   3.0434409e-01  -2.0314109e+00
   1.7370480e+06   1.2585158e+00   1.1556487e+00
   1.7377920e+06   1.9510249e+00   4.6712488e-01
   1.7385120e+06   1.7207196e+00   2.0308742e-01
   1.7392560e+06   2.1601858e+00   1.6862118e+00
   1.7399760e+06   1.5557193e+00   2.0264692e+00
   1.7407200e+06  -1.3326659e+00   5.8300948e-01
   1.7414640e+06   1.1297251e+00   6.5052146e-01
   1.7421840e+06  -5.3668135e-01  -2.3120656e+00
   1.7429280e+06   9.1192919e-01  -1.4119506e+00
   1.7436480e+06   6.9693089e-01  -1.3741148e+00
   1.7443920e+06   1.4101303e+00   2.6442415e-01
   1.7451360e+06   1.7233601e+00  -1.9787285e+00
   1.7458080e+06   2.4962525e+00  -1.7424667e+00
   1.7465520e+06   1.2081214e+00   1.5600067e-01
   1.7472720e+06  -6.8159029e-02  -1.0704067e+00
   1.7480160e+06   6.5441482e-02   1.4877272e+00
   1.7487360e+06   2.5756547e+00   3.0797803e+00
   1.7494800e+06   6.4582355e-02   1.4919921e+00
   1.7502240e+06  -2.0799708e+00  -6.7857140e-01
   1.7509440e+06  -1.6600873e+00  -1.8782885e+00
   1.7516880e+06   4.4447255e-01  -1.4088967e+00
   1.7524080e+06   2.6650419e+00  -1.8019139e+00
   1.7531520e+06   2.9822462e+00  -2.3268948e+00
   1.7538960e+06   1.0985730e+00  -1.2620780e+00
   1.7545920e+06   9.6682984e-01  -6.8135983e-01
   1.7553360e+06   2.3823771e+00   9.0997106e-01
   1.7560560e+06   2.2289677e+00   1.8699396e+00
   1.7568000e+06   2.8198450e+00   3.1169460e+00
   1.7575200e+06   8.1830579e-01   1.9543384e+00
   1.7582640e+06   1.4179581e+00   1.4850452e+00
   1.7590080e+06  -1.3615742e+00  -3.3965921e-01
   1.7597280e+06  -9.0801734e-01  -5.2537498e+00
   1.7604720e+06   2.3133650e+00  -3.0904601e+00
   1.7611920e+06   1.2185673e+00  -3.1196368e+00
   1.7619360e+06   3.0846415e+00  -2.2422411e+00
   1.7626800e+06   1.2934650e+00  -2.1951012e-01
   1.7633520e+06   1.9810840e+00  -1.0477060e+00
   1.7640960e+06   2.2846367e+00   2.6599979e-01
   1.7648160e+06   3.9673135e-01   9.3026304e-01
   1.7655600e+06   1.1762792e+00   2.4522343e+00
   1.7662800e+06   8.1838441e-01   1.1372639e+00
   1.7670240e+06   9.2812312e-01   1.9516691e+00
   1.7677680e+06  -1.7205347e+00  -1.6882261e+00
   1.7684880e+06  -4.9656802e-01  -1.4923569e+00
   1.7692320e+06  -1.4279767e+00  -8.9870691e-01
   1.7699520e+06   1.7802229e+00  -9.5246565e-01
   1.7706960e+06   3.2799971e+00  -2.4385217e-01
   1.7714400e+06   2.2061081e+00  -1.8809488e+00
   1.7721120e+06   9.4740383e-02   1.2704750e+00
   1.7728560e+06   2.7230442e-02   1.1428297e+00
   1.7735760e+06   1.2091213e-01   4.4268757e-01
   1.7743200e+06   2.7147451e-01   2.2637098e+00
   1.7750400e+06   1.8831605e+00   2.3768079e+00
   1.7757840e+06  -5.2002114e-01   1.2221673e+00
   1.7765280e+06  -2.3714912e+00  -8.8012928e-01
   1.7772480e+06  -1.6445811e+00  -1.8059294e+00
   1.7779920e+06   2.8700955e+00  -7.8882688e-01
   1.7787120e+06   3.1845846e+00  -1.7233733e+00
   1.7794560e+06   4.7018695e+00  -2.7539568e+00
   1.7802000e+06   2.8373432e+00  -1.0125617e+00
   1.7808720e+06  -1.4588040e+00  -5.9444483e-02
   1.7816160e+06   1.3138390e+00  -1.7354019e-01
   1.7823360e+06   8.7352550e-01   9.6785539e-01
   1.7830800e+06   2.2649574e+00   2.5511935e+00
   1.7838000e+06   4.0365591e+00   4.9429960e+00
   1.7845440e+06   1.9495972e+00   3.7442586e+00
   1.7852880e+06  -2.2264154e+00  -8.8751787e-01
   1.7860080e+06  -3.0201039e-01  -1.4580219e+00
   1.7867520e+06   9.2334813e-01  -7.5378639e-01
   1.7874720e+06   2.9070685e+00  -1.7203028e+00
   1.7882160e+06   4.4951448e+00  -3.2296300e+00
   1.7889600e+06  -4.5318449e-01  -4.3040910e+00
   1.7896560e+06   1.9732610e+00  -8.8887537e-01
   1.7904000e+06   2.8928118e+00   1.8335617e+00
   1.7911200e+06   2.6401615e+00   3.7906904e+00
   1.7918640e+06   2.0668740e+00   2.5636723e+00
   1.7925840e+06   1.6531103e+00   3.0485094e+00
   1.7933280e+06  -5.5611402e-01   2.0926065e+00
   1.7940720e+06  -2.8710833e+00  -4.5259085e-01
   1.7947920e+06   4.8713839e-01  -2.7052715e+00
   1.7955360e+06   2.2567880e-01  -2.3372221e+00
   1.7962560e+06   3.1288865e+00  -1.5391260e+00
   1.7970000e+06   1.5427166e+00  -2.7202477e+00
   1.7977440e+06   3.9728317e-01  -3.7452123e+00
   1.7984160e+06   2.0901327e+00  -1.2977561e+00
   1.7991600e+06   1.9890743e+00   2.5552639e-01
   1.7998800e+06   1.8990801e-01  -3.5954767e-01
   1.8006240e+06  -8.9074612e-01   2.0009515e+00
   1.8013440e+06   2.1450007e+00   2.2555563e+00
   1.8020880e+06  -7.4504018e-01   9.6985584e-01
   1.8028320e+06  -3.3733611e+00  -7.9039693e-01
   1.8035520e+06  -6.0960513e-02  -1.5470703e+00
   1.8042960e+06   4.1529906e-01   8.2925528e-01
   1.8050160e+06   2.3764939e+00  -1.6864995e+00
   1.8057600e+06   3.9730830e+00   2.7570954e-01
   1.8065040e+06   4.0473146e+00  -8.0090106e-01
   1.8071760e+06   2.9714816e+00  -2.2304063e+00
   1.8079200e+06   1.0910258e+00  -1.5466988e-01
   1.8086400e+06   2.2752981e+00   7.5587869e-01
   1.8093840e+06   1.2847722e+00   2.9665530e+00
   1.8101040e+06   2.6519923e+00   2.3792701e+00
   1.8108480e+06   2.6480067e-01   8.3746630e-01
   1.8115920e+06  -9.2507116e-02  -1.1755772e+00
   1.8123120e+06   1.1810107e+00  -9.2586142e-01
   1.8130560e+06  -1.9208965e-01  -1.5444990e+00
   1.8137760e+06   1.1666487e+00  -2.0954861e-01
   1.8145200e+06   3.6353364e+00  -5.0636834e-01
   1.8152640e+06   3.9455328e+00  -2.2045803e+00
   1.8159360e+06   1.2705463e+00   1.1916865e-01
   1.8166800e+06   2.9398041e+00   1.6804758e-01
   1.8174000e+06  -1.2592396e+00  -4.7906032e-01
   1.8181440e+06   1.4471383e+00   1.7987238e+00
   1.8188640e+06   1.1649699e+00   1.7019817e+00
   1.8196080e+06   9.1818863e-01   8.5405594e-01
   1.8203520e+06  -2.6299863e+00  -1.4857810e+00
   1.8210720e+06  -1.4867641e+00   5.9610373e-01
   1.8218160e+06   1.8960172e+00  -2.5177166e+00
   1.8225360e+06   1.4835514e+00  -4.7360307e-01
   1.8232800e+06   2.8926239e+00  -1.8239887e+00
   1.8240240e+06   3.2138331e+00   1.2348875e+00
   1.8247200e+06   1.9139949e+00   6.8767196e-01
   1.8254640e+06  -7.8228675e-02  -2.7558419e-01
   1.8261840e+06   2.1986177e+00   1.0513576e+00
   1.8269280e+06   2.8741574e+00   3.3976562e+00
   1.8276480e+06   2.0648293e+00   3.3805246e+00
   1.8283920e+06  -7.1536556e-02   1.0164140e+00
   1.8291360e+06  -1.8810649e+00  -1.0449162e+00
   1.8298560e+06  -3.8994095e-01  -2.5760546e+00
   1.8306000e+06   2.5403914e+00  -1.2843087e+00
   1.8313200e+06   2.2148359e+00   1.1575236e+00
   1.8320640e+06   3.4207656e+00  -1.6541773e+00
   1.8328080e+06   3.7510893e+00  -1.0170552e+00
   1.8334800e+06   1.0020299e+00  -7.5525004e-01
   1.8342240e+06   3.1465349e+00   1.9681191e+00
   1.8349440e+06  -3.6319333e-01   3.4312942e+00
   1.8356880e+06   1.2971885e+00   1.9669106e+00
   1.8364080e+06   2.3388431e+00   2.8700142e+00
   1.8371520e+06   2.4740949e+00   3.2479918e+00
   1.8378960e+06  -1.6857495e+00  -1.7913193e+00
   1.8386160e+06   5.4930192e-01  -8.6638606e-01
   1.8393600e+06  -5.9326798e-01  -2.0880263e+00
   1.8400800e+06   1.3847278e+00  -1.4225290e+00
   1.8408240e+06   3.9039257e+00  -2.9586880e+00
   1.8415680e+06   4.6004324e+00  -3.2738922e+00
   1.8422400e+06   2.7304189e+00  -8.1273532e-01
   1.8429840e+06   2.5912178e+00   1.2020253e+00
   1.8437040e+06   4.2539987e-01   1.5869306e+00
   1.8444480e+06   3.0898197e+00   3.8970354e+00
   1.8451680e+06   2.7127538e+00   2.3628044e+00
   1.8459120e+06  -8.2747392e-02   6.4140546e-01
   1.8466560e+06  -3.2839936e-01   9.2502064e-01
   1.8473760e+06   3.7370496e+00  -4.9172390e-01
   1.8481200e+06   7.9119837e-01  -3.1809237e+00
   1.8488400e+06   4.2349877e+00  -4.2131429e+00
   1.8495840e+06   2.7749231e+00  -1.6729239e+00
   1.8503280e+06   2.6657069e+00  -4.9339557e-01
   1.8510000e+06  -9.0957046e-01  -1.1377569e+00
   1.8517440e+06   2.0837224e+00   2.7884603e+00
   1.8524640e+06   9.9065131e-01   1.8260725e+00
   1.8532080e+06   2.5835991e+00   2.7651839e+00
   1.8539280e+06   2.2340088e+00   3.4318631e+00
   1.8546720e+06   3.5168520e-01   2.3196037e+00
   1.8554160e+06  -4.1553152e-01   1.4579995e+00
   1.8561360e+06   7.0099890e-01  -7.7211505e-01
   1.8568800e+06  -2.8623406e-02  -1.7468408e+00
   1.8576000e+06   1.1645863e+00  -1.5833896e+00
   1.8583440e+06   3.5526693e+00  -6.1640137e-01
   1.8590880e+06   2.0795326e+00  -1.1907254e+00
   1.8597840e+06   1.4755144e+00   1.3400184e+00
   1.8605280e+06   2.6111231e+00  -4.2257464e-01
   1.8612480e+06  -6.5513396e-01   2.0842421e+00
   1.8619920e+06   1.1395992e+00   5.4885983e-01
   1.8627120e+06   4.3585601e+00   4.1537576e+00
   1.8634560e+06   1.6178246e+00   2.9359343e+00
   1.8642000e+06  -8.1133693e-02  -7.2600670e-02
   1.8649200e+06   5.0399053e-01  -1.4179704e+00
   1.8656640e+06  -3.9670637e-01  -5.2805181e+00
   1.8663840e+06   2.4126980e+00  -4.8979166e-01
   1.8671280e+06   1.8462980e+00  -1.0363041e+00
   1.8678720e+06   3.1201074e+00  -1.3076469e+00
   1.8685440e+06   3.6933336e+00  -3.0534577e+00
   1.8692880e+06  -1.1510187e+00   5.9439927e-01
   1.8700080e+06   8.3847620e-02   2.0896099e+00
   1.8707520e+06   2.1436081e+00   4.7539024e+00
   1.8714720e+06   1.8264192e+00   4.2193837e+00
   1.8722160e+06   8.0915755e-01   1.3370340e+00
   1.8729600e+06  -1.3481305e+00  -1.5760158e+00
   1.8736800e+06   1.0015553e-02  -1.4042076e+00
   1.8744240e+06  -1.3172700e-01  -2.8128576e+00
   1.8751440e+06   1.7923205e+00   2.0119794e-02
   1.8758880e+06   2.9651470e+00  -1.3642744e+00
   1.8766320e+06   1.0858198e+00  -1.4683676e+00
   1.8773040e+06   1.6278993e+00  -2.1456547e+00
   1.8780480e+06  -2.1616893e-01   4.1648346e-01
   1.8787680e+06   2.1781676e+00   1.6174759e+00
   1.8795120e+06   6.9150627e-01   1.4771292e+00
   1.8802320e+06   1.6254659e+00   2.7734087e+00
   1.8809760e+06  -6.1376315e-01   4.9763102e-02
   1.8817200e+06  -3.5666066e-01  -4.0457168e-01
   1.8824400e+06   2.1749594e+00  -5.7225698e-01
   1.8831840e+06   2.4181824e+00  -1.8298978e+00
   1.8839040e+06   1.1004936e+00  -2.8071074e+00
   1.8846480e+06   2.5784473e+00  -2.8614800e+00
   1.8853920e+06   2.5841241e+00  -3.5459015e+00
   1.8860640e+06   1.0755352e+00  -7.3350453e-01
   1.8868080e+06   1.8691871e-01   6.0267210e-01
   1.8875280e+06  -8.6782038e-01   1.2568763e+00
   1.8882720e+06   2.4517448e+00   2.6111002e+00
   1.8889920e+06   1.6976645e+00   2.5780165e+00
   1.8897360e+06  -3.6493734e-02  -8.5426874e-02
   1.8904800e+06  -2.6447272e+00  -1.0828650e+00
   1.8912000e+06  -2.2295716e+00  -2.4704704e+00
   1.8919440e+06  -8.4407872e-01  -1.7208142e+00
   1.8926640e+06   1.1028726e+00   1.2206714e+00
   1.8934080e+06   2.4497428e+00  -3.2127020e+00
   1.8941520e+06   2.7900865e+00  -9.9918407e-01
   1.8948480e+06   1.8323365e+00   3.4238490e-01
   1.8955920e+06   6.7799979e-01  -6.8532073e-01
   1.8963120e+06   9.6634233e-01   1.4988160e+00
   1.8970560e+06   1.4087280e+00   1.1386238e+00
   1.8977760e+06   3.5061877e+00   3.0320647e+00
   1.8985200e+06   4.5801395e-01   8.4714592e-01
   1.8992640e+06  -7.5170481e-01   5.8774984e-01
   1.8999840e+06  -1.3519255e+00  -2.7121904e+00
   1.9007280e+06   1.7546228e+00  -3.3189971e+00
   1.9014480e+06   1.4501549e+00  -2.0630012e+00
   1.9021920e+06   3.2939725e+00  -8.7711477e-01
   1.9029360e+06   3.1992586e+00  -3.3924761e-01
   1.9036080e+06   1.6585252e+00  -9.5381904e-01
   1.9043520e+06   1.5621287e+00   2.9452257e+00
   1.9050720e+06   2.4158082e+00   2.7484949e+00
   1.9058160e+06   1.8605227e+00   2.9510410e+00
   1.9065360e+06   3.2645111e+00   3.5636613e+00
   1.9072800e+06  -8.7616310e-02   1.3083267e+00
   1.9080240e+06  -9.4847399e-01  -2.6166353e+00
   1.9087440e+06  -1.2752503e+00   1.5148252e-01
   1.9094880e+06  -8.8120538e-01  -2.8721859e+00
   1.9102080e+06   1.9401467e+00  -2.4327304e+00
   1.9109520e+06   1.5855943e+00  -3.0687921e+00
   1.9116960e+06   3.3475724e-01   1.2353069e+00
   1.9123680e+06   3.2906475e+00  -3.3853550e+00
   1.9131120e+06   5.1042825e-01   1.1144066e+00
   1.9138320e+06   1.6313719e+00   4.0717955e+00
   1.9145760e+06   1.6136230e+00   2.4709969e+00
   1.9152960e+06  -1.8077284e+00   2.2494607e+00
   1.9160400e+06   2.7802119e+00   3.4239073e+00
   1.9167840e+06  -3.2723684e+00   1.0022929e+00
   1.9175040e+06   6.2872112e-01  -5.5288368e-01
   1.9182480e+06   3.9838061e-01  -8.7859285e-01
   1.9189680e+06   6.0166323e-01  -7.3127288e-01
   1.9197120e+06   1.8498673e+00  -1.6748503e+00
   1.9204560e+06   6.6828793e-01  -7.7268040e-01
   1.9211280e+06  -1.3626815e-01  -9.5366818e-01
   1.9218720e+06   1.2787336e+00   2.2560353e+00
   1.9225920e+06   1.4978080e+00   2.2622049e+00
   1.9233360e+06   1.7515005e+00   2.3859203e+00
   1.9240560e+06   1.9299814e+00   2.2194448e+00
   1.9248000e+06   8.5700172e-01   1.0580084e+00
   1.9255440e+06  -2.6911414e+00  -9.8752362e-01
   1.9262640e+06  -1.5966779e+00  -8.8426399e-01
   1.9270080e+06  -4.6213716e-01  -3.4231517e+00
   1.9277280e+06   7.5856560e-01  -1.0046589e+00
   1.9284720e+06   1.6110809e+00  -1.3925599e+00
   1.9292160e+06   2.7010057e+00  -6.8749148e-01
   1.9299120e+06   1.9387252e+00  -2.1786588e-01
   1.9306560e+06   2.3558748e+00   1.9891691e-01
   1.9313760e+06   1.4867313e+00   1.4807260e+00
   1.9321200e+06   1.1783864e+00   2.3726637e+00
   1.9328400e+06   1.7223412e+00   2.7423208e+00
   1.9335840e+06   1.8177317e+00   2.8011446e+00
   1.9343280e+06  -2.3418386e+00  -1.6666558e+00
   1.9350480e+06  -1.9925581e+00  -1.5118195e+00
   1.9357920e+06  -1.5904757e+00  -1.5600732e-01
   1.9365120e+06   2.4154770e+00  -9.5912957e-01
   1.9372560e+06   3.2236569e+00  -2.8743756e+00
   1.9380000e+06   9.1730040e-01  -1.8444426e+00
   1.9386720e+06  -5.5731159e-01  -8.7989593e-01
   1.9394160e+06   2.7478166e+00  -5.0627542e-01
   1.9401360e+06  -1.4129306e-01  -2.9303926e-01
   1.9408800e+06   4.0525022e-01   2.8923078e+00
   1.9416000e+06   2.2501907e+00   3.1616132e+00
   1.9423440e+06   1.3213366e+00   2.5456705e+00
   1.9430880e+06  -5.9632909e-01  -4.5454064e-01
   1.9438080e+06   3.2493642e-01  -1.4946245e+00
   1.9445520e+06   3.1166789e-01  -3.6030443e+00
   1.9452720e+06   1.5711776e+00  -3.2184425e-01
   1.9460160e+06   1.8409861e+00  -3.0777051e+00
   1.9467600e+06   3.1198934e-01  -1.3310642e+00
   1.9474320e+06   1.7650154e+00   7.9971045e-01
   1.9481760e+06   1.4863385e+00   2.9816571e-01
   1.9488960e+06   9.6887273e-01   3.8966754e-01
   1.9496400e+06  -5.5990058e-01  -9.1274522e-02
   1.9503600e+06   3.4350019e+00   3.1871090e+00
   1.9511040e+06   1.0157714e+00   6.0385150e-01
   1.9518480e+06  -1.5140826e+00  -1.5961781e+00
   1.9525680e+06  -1.6563813e-01  -3.0766246e+00
   1.9533120e+06  -1.7146975e+00  -1.4747698e+00
   1.9540320e+06   5.9564191e-01  -2.3388422e+00
   1.9547760e+06   3.0531681e+00  -6.4213181e-01
   1.9555200e+06   1.8160464e+00  -6.3650227e-01
   1.9561920e+06   1.4903004e+00  -1.9140340e+00
   1.9569360e+06  -8.0260590e-02   8.8267010e-01
   1.9576560e+06  -7.2281522e-01  -1.5994179e+00
   1.9584000e+06   8.4764630e-01   9.7471958e-01
   1.9591200e+06   1.6567699e+00   2.0439019e+00
   1.9598640e+06   7.3859596e-01   9.4353044e-01
   1.9606080e+06  -4.7386858e-01  -1.7207370e+00
   1.9613280e+06   2.7582592e-01  -2.8923063e+00
