   1.6268355e-01   1.2800990e-01   1.1718733e-01   1.2521509e-01   1.4367808e-01   1.7258723e-01   1.5747740e-01   9.1523589e-02   1.5014372e-01   1.6893635e-01   2.0312077e-01   1.4728251e-01
   1.6268355e-01   1.2800990e-01   1.1718733e-01   1.2521509e-01   1.4367808e-01   1.7258723e-01   1.5747740e-01   9.1523589e-02   1.5014372e-01   1.6893635e-01   2.0312077e-01   1.4728251e-01
   1.6268355e-01   1.2800990e-01   1.1718733e-01   1.2521509e-01   1.4367808e-01   1.7258723e-01   1.5747740e-01   9.1523589e-02   1.5014372e-01   1.6893635e-01   2.0312077e-01   1.4728251e-01
   1.6268355e-01   1.2800990e-01   1.1718733e-01   1.2521509e-01   1.4367808e-01   1.7258723e-01   1.5747740e-01   9.1523589e-02   1.5014372e-01   1.6893635e-01   2.0312077e-01   1.4728251e-01
   1.6268355e-01   1.2800990e-01   1.1718733e-01   1.2521509e-01   1.4367808e-01   1.7258723e-01   1.5747740e-01   9.1523589e-02   1.5014372e-01   1.6893635e-01   2.0312077e-01   1.4728251e-01
   1.6268355e-01   1.2800990e-01   1.1718733e-01   1.2521509e-01   1.4367808e-01   1.7258723e-01   1.5747740e-01   9.1523589e-02   1.5014372e-01   1.6893635e-01   2.0312077e-01   1.4728251e-01
   1.6268355e-01   1.2800990e-01   1.1718733e-01   1.2521509e-01   1.4367808e-01   1.7258723e-01   1.5747740e-01   9.1523589e-02   1.5014372e-01   1.6893635e-01   2.0312077e-01   1.4728251e-01
   1.6268355e-01   1.2800990e-01   1.1718733e-01   1.2521509e-01   1.4367808e-01   1.7258723e-01   1.5747740e-01   9.1523589e-02   1.5014372e-01   1.6893635e-01   2.0312077e-01   1.4728251e-01
   1.6268355e-01   1.2800990e-01   1.1718733e-01   1.2521509e-01   1.4367808e-01   1.7258723e-01   1.5747740e-01   9.1523589e-02   1.5014372e-01   1.6893635e-01   2.0312077e-01   1.4728251e-01
   1.6268355e-01   1.2800990e-01   1.1718733e-01   1.2521509e-01   1.4367808e-01   1.7258723e-01   1.5747740e-01   9.1523589e-02   1.5014372e-01   1.6893635e-01   2.0312077e-01   1.4728251e-01
   1.6268355e-01   1.2800990e-01   1.1718733e-01   1.2521509e-01   1.4367808e-01   1.7258723e-01   1.5747740e-01   9.1523589e-02   1.5014372e-01   1.6893635e-01   2.0312077e-01   1.4728251e-01
   1.6268355e-01   1.2800990e-01   1.1718733e-01   1.2521509e-01   1.4367808e-01   1.7258723e-01   1.5747740e-01   9.1523589e-02   1.5014372e-01   1.6893635e-01   2.0312077e-01   1.4728251e-01
   1.6268355e-01   1.2800990e-01   1.1718733e-01   1.2521509e-01   1.4367808e-01   1.7258723e-01   1.5747740e-01   9.1523589e-02   1.5014372e-01   1.6893635e-01   2.0312077e-01   1.4728251e-01
   1.6268355e-01   1.2800990e-01   1.1718733e-01   1.2521509e-01   1.4367808e-01   1.7258723e-01   1.5747740e-01   9.1523589e-02   1.5014372e-01   1.6893635e-01   2.0312077e-01   1.4728251e-01
   1.6268355e-01   1.2800990e-01   1.1718733e-01   1.2521509e-01   1.4367808e-01   1.7258723e-01   1.5747740e-01   9.1523589e-02   1.5014372e-01   1.6893635e-01   2.0312077e-01   1.4728251e-01
   1.6268355e-01   1.2800990e-01   1.1718733e-01   1.2521509e-01   1.4367808e-01   1.7258723e-01   1.5747740e-01   9.1523589e-02   1.5014372e-01   1.6893635e-01   2.0312077e-01   1.4728251e-01
   1.6268355e-01   1.2800990e-01   1.1718733e-01   1.2521509e-01   1.4367808e-01   1.7258723e-01   1.5747740e-01   9.1523589e-02   1.5014372e-01   1.6893635e-01   2.0312077e-01   1.4728251e-01
   1.6268355e-01   1.2800990e-01   1.1718733e-01   1.2521509e-01   1.4367808e-01   1.7258723e-01   1.5747740e-01   9.1523589e-02   1.5014372e-01   1.6893635e-01   2.0312077e-01   1.4728251e-01
   1.6268355e-01   1.2800990e-01   1.1718733e-01   1.2521509e-01   1.4367808e-01   1.7258723e-01   1.5747740e-01   9.1523589e-02   1.5014372e-01   1.6893635e-01   2.0312077e-01   1.4728251e-01
   1.6268355e-01   1.2800990e-01   1.1718733e-01   1.2521509e-01   1.4367808e-01   1.7258723e-01   1.5747740e-01   9.1523589e-02   1.5014372e-01   1.6893635e-01   2.0312077e-01   1.4728251e-01
   1.6268355e-01   1.2800990e-01   1.1718733e-01   1.2521509e-01   1.4367808e-01   1.7258723e-01   1.5747740e-01   9.1523589e-02   1.5014372e-01   1.6893635e-01   2.0312077e-01   1.4728251e-01
   1.6268355e-01   1.2800990e-01   1.1718733e-01   1.2521509e-01   1.4367808e-01   1.7258723e-01   1.5747740e-01   9.1523589e-02   1.5014372e-01   1.6893635e-01   2.0312077e-01   1.4728251e-01
   1.6268355e-01   1.2800990e-01   1.1718733e-01   1.2521509e-01   1.4367808e-01   1.7258723e-01   1.5747740e-01   9.1523589e-02   1.5014372e-01   1.6893635e-01   2.0312077e-01   1.4728251e-01
   1.6268355e-01   1.2800990e-01   1.1718733e-01   1.2521509e-01   1.4367808e-01   1.7258723e-01   1.5747740e-01   9.1523589e-02   1.5014372e-01   1.6893635e-01   2.0312077e-01   1.4728251e-01
   1.6268355e-01   1.2800990e-01   1.1718733e-01   1.2521509e-01   1.4367808e-01   1.7258723e-01   1.5747740e-01   9.1523589e-02   1.5014372e-01   1.6893635e-01   2.0312077e-01   1.4728251e-01
   1.6268355e-01   1.2800990e-01   1.1718733e-01   1.2521509e-01   1.4367808e-01   1.7258723e-01   1.5747740e-01   9.1523589e-02   1.5014372e-01   1.6893635e-01   2.0312077e-01   1.4728251e-01
   1.6268355e-01   1.2800990e-01   1.1718733e-01   1.2521509e-01   1.4367808e-01   1.7258723e-01   1.5747740e-01   9.1523589e-02   1.5014372e-01   1.6893635e-01   2.0312077e-01   1.4728251e-01
   1.6216260e-01   1.2788325e-01   1.1719121e-01   1.2546739e-01   1.4392715e-01   1.7255898e-01   1.5739700e-01   9.2085125e-02   1.5019028e-01   1.6855045e-01   2.0286478e-01   1.4713903e-01
   1.6163298e-01   1.2775392e-01   1.1719677e-01   1.2572618e-01   1.4418201e-01   1.7253092e-01   1.5731543e-01   9.2657901e-02   1.5023794e-01   1.6815807e-01   2.0260518e-01   1.4699443e-01
   1.6109456e-01   1.2762186e-01   1.1720406e-01   1.2599160e-01   1.4444278e-01   1.7250307e-01   1.5723267e-01   9.3242134e-02   1.5028673e-01   1.6775911e-01   2.0234190e-01   1.4684871e-01
   1.6054838e-01   1.2748703e-01   1.1721385e-01   1.2626424e-01   1.4470975e-01   1.7247581e-01   1.5714895e-01   9.3837597e-02   1.5033670e-01   1.6735434e-01   2.0207578e-01   1.4670277e-01
   1.5999600e-01   1.2734946e-01   1.1722718e-01   1.2654486e-01   1.4498328e-01   1.7244966e-01   1.5706464e-01   9.4443870e-02   1.5038793e-01   1.6694485e-01   2.0180799e-01   1.4655787e-01
   1.5943632e-01   1.2720904e-01   1.1724355e-01   1.2683323e-01   1.4526333e-01   1.7242435e-01   1.5697949e-01   9.5061510e-02   1.5044041e-01   1.6652986e-01   2.0153780e-01   1.4641329e-01
   1.5886688e-01   1.2706567e-01   1.1726164e-01   1.2712868e-01   1.4554974e-01   1.7239919e-01   1.5689301e-01   9.5691623e-02   1.5049410e-01   1.6610758e-01   2.0126346e-01   1.4626732e-01
   1.5821697e-01   1.2672539e-01   1.1711343e-01   1.2717810e-01   1.4583174e-01   1.7242061e-01   1.5701288e-01   9.6751924e-02   1.5065590e-01   1.6579005e-01   2.0085506e-01   1.4628914e-01
   1.5753782e-01   1.2632634e-01   1.1691939e-01   1.2716251e-01   1.4611737e-01   1.7245588e-01   1.5719131e-01   9.7944743e-02   1.5084972e-01   1.6549803e-01   2.0040588e-01   1.4635903e-01
   1.5684886e-01   1.2591710e-01   1.1672279e-01   1.2714615e-01   1.4640972e-01   1.7249396e-01   1.5737666e-01   9.9164967e-02   1.5104886e-01   1.6520470e-01   1.9994978e-01   1.4643599e-01
   1.5615038e-01   1.2549734e-01   1.1652374e-01   1.2712897e-01   1.4670894e-01   1.7253509e-01   1.5756935e-01   1.0041322e-01   1.5125350e-01   1.6491052e-01   1.9948692e-01   1.4652069e-01
   1.5544099e-01   1.2506726e-01   1.1632177e-01   1.2711106e-01   1.4701504e-01   1.7257882e-01   1.5776874e-01   1.0168967e-01   1.5146349e-01   1.6461421e-01   1.9901645e-01   1.4661188e-01
   1.5495243e-01   1.2476642e-01   1.1618293e-01   1.2709815e-01   1.4722856e-01   1.7261134e-01   1.5791062e-01   1.0257941e-01   1.5161074e-01   1.6441318e-01   1.9869199e-01   1.4668103e-01
   1.5389842e-01   1.2410409e-01   1.1588411e-01   1.2706868e-01   1.4769698e-01   1.7268842e-01   1.5822975e-01   1.0452952e-01   1.5193598e-01   1.6398823e-01   1.9799072e-01   1.4684847e-01
   1.5286200e-01   1.2343724e-01   1.1559111e-01   1.2703779e-01   1.4816669e-01   1.7277229e-01   1.5855883e-01   1.0648292e-01   1.5226464e-01   1.6358060e-01   1.9729965e-01   1.4703447e-01
   1.5184267e-01   1.2276657e-01   1.1530373e-01   1.2700560e-01   1.4863730e-01   1.7286248e-01   1.5889703e-01   1.0843816e-01   1.5259630e-01   1.6318941e-01   1.9661853e-01   1.4723771e-01
   1.5084514e-01   1.2209150e-01   1.1502352e-01   1.2697179e-01   1.4910880e-01   1.7296046e-01   1.5924638e-01   1.1039467e-01   1.5293152e-01   1.6281890e-01   1.9595018e-01   1.4746229e-01
   1.4986948e-01   1.2141251e-01   1.1475045e-01   1.2693643e-01   1.4958089e-01   1.7306602e-01   1.5960644e-01   1.1235134e-01   1.5327001e-01   1.6246879e-01   1.9529465e-01   1.4770761e-01
   1.4891719e-01   1.2072977e-01   1.1448499e-01   1.2689946e-01   1.5005338e-01   1.7317944e-01   1.5997751e-01   1.1430716e-01   1.5361178e-01   1.6214021e-01   1.9465289e-01   1.4797449e-01
   1.4799995e-01   1.2004232e-01   1.1423091e-01   1.2686020e-01   1.5052590e-01   1.7330417e-01   1.6036420e-01   1.1625959e-01   1.5395791e-01   1.6184331e-01   1.9403187e-01   1.4827244e-01
   1.4710742e-01   1.1935210e-01   1.1398482e-01   1.2681938e-01   1.5099813e-01   1.7343659e-01   1.6076135e-01   1.1820838e-01   1.5430681e-01   1.6156838e-01   1.9342551e-01   1.4859155e-01
   1.4567228e-01   1.1833761e-01   1.1293776e-01   1.2592459e-01   1.5093427e-01   1.7320481e-01   1.6091675e-01   1.2017475e-01   1.5461140e-01   1.6092484e-01   1.9176383e-01   1.4821564e-01
   1.4344413e-01   1.1665104e-01   1.1056710e-01   1.2352276e-01   1.5007656e-01   1.7251936e-01   1.6080846e-01   1.2243782e-01   1.5499940e-01   1.5987129e-01   1.8840902e-01   1.4691723e-01
   1.4124642e-01   1.1499277e-01   1.0823597e-01   1.2116635e-01   1.4922915e-01   1.7183712e-01   1.6070160e-01   1.2466295e-01   1.5537232e-01   1.5882673e-01   1.8510385e-01   1.4563663e-01
   1.3907782e-01   1.1336144e-01   1.0594246e-01   1.1885302e-01   1.4839162e-01   1.7115812e-01   1.6059612e-01   1.2685197e-01   1.5573107e-01   1.5779090e-01   1.8184608e-01   1.4437306e-01
   1.3694205e-01   1.1176031e-01   1.0369114e-01   1.1658790e-01   1.4756529e-01   1.7048294e-01   1.6049218e-01   1.2900050e-01   1.5607415e-01   1.5676508e-01   1.7864162e-01   1.4312867e-01
   1.3483264e-01   1.1018334e-01   1.0147359e-01   1.1436125e-01   1.4674797e-01   1.6981097e-01   1.6038949e-01   1.3111664e-01   1.5640482e-01   1.5574741e-01   1.7547990e-01   1.4189970e-01
   1.3275408e-01   1.0863452e-01   9.9295367e-02   1.1217934e-01   1.4594124e-01   1.6914288e-01   1.6028825e-01   1.3319504e-01   1.5672121e-01   1.5473939e-01   1.7236813e-01   1.4068877e-01
   1.3070092e-01   1.0710879e-01   9.7149420e-02   1.1003404e-01   1.4514325e-01   1.6847809e-01   1.6018822e-01   1.3524247e-01   1.5702599e-01   1.5373942e-01   1.6929741e-01   1.3949269e-01
   1.2866494e-01   1.0559864e-01   9.5025235e-02   1.0791341e-01   1.4435118e-01   1.6781559e-01   1.6008899e-01   1.3726903e-01   1.5732300e-01   1.5274493e-01   1.6625441e-01   1.3830665e-01
   1.2664921e-01   1.0410679e-01   9.2926641e-02   1.0582175e-01   1.4356609e-01   1.6715582e-01   1.5999073e-01   1.3927105e-01   1.5761095e-01   1.5175695e-01   1.6324407e-01   1.3713245e-01
   1.2464901e-01   1.0262896e-01   9.0847641e-02   1.0375223e-01   1.4278638e-01   1.6649819e-01   1.5989320e-01   1.4125427e-01   1.5789199e-01   1.5077399e-01   1.6025875e-01   1.3596732e-01
   1.2047379e-01   9.8360556e-02   8.6080729e-02   9.9092719e-02   1.3935959e-01   1.6324798e-01   1.5734563e-01   1.4081683e-01   1.5650770e-01   1.4836024e-01   1.5590514e-01   1.3272849e-01
   1.1500646e-01   9.2433168e-02   7.9717050e-02   9.2895237e-02   1.3435759e-01   1.5845439e-01   1.5333925e-01   1.3893427e-01   1.5413042e-01   1.4509549e-01   1.5074165e-01   1.2825659e-01
   1.0954622e-01   8.6510446e-02   7.3362370e-02   8.6708802e-02   1.2935419e-01   1.5365715e-01   1.4932843e-01   1.3703290e-01   1.5174471e-01   1.4183160e-01   1.4559390e-01   1.2378719e-01
   1.0409356e-01   8.0592806e-02   6.7017285e-02   8.0534085e-02   1.2434954e-01   1.4885632e-01   1.4531315e-01   1.3511206e-01   1.4935034e-01   1.3856873e-01   1.4046271e-01   1.1932058e-01
   9.8773450e-02   7.4842740e-02   6.0826757e-02   7.4493383e-02   1.1951642e-01   1.4425453e-01   1.4149594e-01   1.3336986e-01   1.4709555e-01   1.3541242e-01   1.3542124e-01   1.1500888e-01
   9.4831001e-02   7.0875670e-02   5.6235614e-02   6.9808268e-02   1.1656778e-01   1.4185928e-01   1.3988282e-01   1.3375691e-01   1.4644452e-01   1.3341044e-01   1.3120743e-01   1.1236326e-01
   9.0920701e-02   6.6944136e-02   5.1682791e-02   6.5160225e-02   1.1364823e-01   1.3949528e-01   1.3829972e-01   1.3415377e-01   1.4580851e-01   1.3142853e-01   1.2702819e-01   1.0974823e-01
   8.7028229e-02   6.3032294e-02   4.7151213e-02   6.0532743e-02   1.1074481e-01   1.3714857e-01   1.3673320e-01   1.3455601e-01   1.4518077e-01   1.2945775e-01   1.2286812e-01   1.0715012e-01
   8.3161613e-02   5.9148995e-02   4.2650442e-02   5.5935087e-02   1.0786473e-01   1.3482687e-01   1.3519063e-01   1.3496598e-01   1.4456499e-01   1.2750308e-01   1.1873585e-01   1.0457651e-01
   7.9323109e-02   5.5296717e-02   3.8183163e-02   5.1369867e-02   1.0501002e-01   1.3253230e-01   1.3367403e-01   1.3538431e-01   1.4396217e-01   1.2556591e-01   1.1463381e-01   1.0202950e-01
   7.5312498e-02   5.1248415e-02   3.3541197e-02   4.6611194e-02   1.0186495e-01   1.2994309e-01   1.3186427e-01   1.3548269e-01   1.4310237e-01   1.2344304e-01   1.1042529e-01   9.9286591e-02
   6.7903052e-02   4.3344573e-02   2.5372824e-02   3.8019154e-02   9.3327123e-02   1.2186014e-01   1.2460479e-01   1.2994207e-01   1.3761662e-01   1.1785143e-01   1.0391588e-01   9.2758983e-02
   6.0549094e-02   3.5501547e-02   1.7271498e-02   2.9491378e-02   8.4834584e-02   1.1382576e-01   1.1739104e-01   1.2440823e-01   1.3214997e-01   1.1229152e-01   9.7468698e-02   8.6282187e-02
   5.3247364e-02   2.7715736e-02   9.2331797e-03   2.1024091e-02   7.6384992e-02   1.0583728e-01   1.1022048e-01   1.1888138e-01   1.2670167e-01   1.0676164e-01   9.1079854e-02   7.9853185e-02
   4.6001698e-02   1.9991299e-02   1.2623404e-03   1.2621737e-02   6.7981994e-02   9.7898415e-02   1.0309651e-01   1.1336295e-01   1.2127365e-01   1.0126425e-01   8.4753276e-02   7.3475435e-02
   3.8845049e-02   1.2364204e-02  -6.6017439e-03   4.3224906e-03   5.9654210e-02   9.0039095e-02   9.6047088e-02   1.0786018e-01   1.1587929e-01   9.5819117e-02   7.8524676e-02   6.7178937e-02
   3.1752973e-02   4.8076543e-03  -1.4388626e-02  -3.9019598e-03   5.1381738e-02   8.2237963e-02   8.9052089e-02   1.0237016e-01   1.1051022e-01   9.0412311e-02   7.2366603e-02   6.0941300e-02
   2.5530486e-02  -1.7070767e-03  -2.1369477e-02  -1.1220166e-02   4.4905964e-02   7.6791177e-02   8.4663961e-02   9.9641074e-02   1.0743421e-01   8.6517142e-02   6.7025418e-02   5.6260944e-02
   1.7057620e-02  -1.0507134e-02  -3.0947470e-02  -2.1244526e-02   3.6498400e-02   7.0157711e-02   7.9683826e-02   9.7055101e-02   1.0414284e-01   8.1681946e-02   5.9820216e-02   5.0352450e-02
   8.8508167e-03  -1.9010462e-02  -4.0226232e-02  -3.0967954e-02   2.8400999e-02   6.3881358e-02   7.5066006e-02   9.4720310e-02   1.0110404e-01   7.7079925e-02   5.2891385e-02   4.4740939e-02
  -3.2894675e-04  -2.8428401e-02  -4.9727628e-02  -4.1243165e-02   1.8125229e-02   5.4433497e-02   6.6648304e-02   8.7751070e-02   9.3745014e-02   6.9530297e-02   4.4812428e-02   3.6724932e-02
  -9.7448132e-03  -3.8029092e-02  -5.9074203e-02  -5.1519771e-02   7.0671132e-03   4.3757355e-02   5.6699339e-02   7.8753761e-02   8.4512301e-02   6.0757212e-02   3.6416962e-02   2.7800782e-02
  -1.8828474e-02  -4.7262904e-02  -6.8052609e-02  -6.1422477e-02  -3.6026694e-03   3.3520826e-02   4.7193384e-02   7.0073162e-02   7.5598521e-02   5.2278794e-02   2.8361295e-02   1.9242234e-02
  -2.7600980e-02  -5.6153914e-02  -7.6687304e-02  -7.0975306e-02  -1.3908670e-02   2.3694202e-02   3.8099658e-02   6.1689227e-02   6.6983669e-02   4.4076810e-02   2.0622613e-02   1.1024630e-02
  -3.4474705e-02  -6.3504853e-02  -8.4025992e-02  -7.9338145e-02  -2.2133005e-02   1.7141998e-02   3.3121970e-02   5.8254803e-02   6.3068719e-02   3.9119723e-02   1.4603251e-02   5.8166953e-03
  -4.0963639e-02  -7.0474558e-02  -9.1001541e-02  -8.7340030e-02  -2.9917830e-02   1.1152635e-02   2.8771317e-02   5.5424082e-02   5.9740630e-02   3.4622581e-02   8.9580168e-03   1.0985572e-03
  -4.7176246e-02  -7.7151519e-02  -9.7688698e-02  -9.5049321e-02  -3.7382065e-02   5.5383988e-03   2.4811712e-02   5.2915099e-02   5.6731713e-02   3.0400602e-02   3.5880534e-03  -3.3021741e-03
  -5.3047206e-02  -8.3222787e-02  -1.0366940e-01  -1.0171788e-01  -4.4110831e-02   1.8104899e-04   2.0556448e-02   4.9455306e-02   5.2766549e-02   2.5493453e-02  -1.7405317e-03  -7.9155812e-03
  -5.8559251e-02  -8.8518552e-02  -1.0870814e-01  -1.0690536e-01  -4.9873310e-02  -5.0245771e-03   1.5545664e-02   4.4226527e-02   4.7025385e-02   1.9280950e-02  -7.1963717e-03  -1.3097961e-02
  -6.3804485e-02  -9.3804864e-02  -1.1381771e-01  -1.1213700e-01  -5.5661483e-02  -1.0024303e-02   1.0938031e-02   3.9809738e-02   4.2164513e-02   1.3720321e-02  -1.2232669e-02  -1.7830982e-02
  -6.8692428e-02  -9.9332116e-02  -1.1934578e-01  -1.1772577e-01  -6.1794742e-02  -1.4895911e-02   6.8869052e-03   3.6935873e-02   3.9004081e-02   9.3819506e-03  -1.6566249e-02  -2.1834510e-02
  -7.3503130e-02  -1.0478221e-01  -1.2479936e-01  -1.2323984e-01  -6.7844257e-02  -1.9664909e-02   2.9471399e-03   3.4163005e-02   3.5945102e-02   5.1297429e-03  -2.0819782e-02  -2.5745681e-02
  -7.8245878e-02  -1.1016439e-01  -1.3018739e-01  -1.2868818e-01  -7.3820072e-02  -2.4343687e-02  -8.9475237e-04   3.1478875e-02   3.2975269e-02   9.5330107e-04  -2.5002918e-02  -2.9575660e-02
  -8.2926892e-02  -1.1548488e-01  -1.3551585e-01  -1.3407678e-01  -7.9728912e-02  -2.8940541e-02  -4.6477991e-03   2.8875280e-02   3.0086349e-02  -3.1543352e-03  -2.9122117e-02  -3.3331921e-02
  -8.7448065e-02  -1.2064765e-01  -1.4065687e-01  -1.3925576e-01  -8.5505324e-02  -3.3499531e-02  -8.4150595e-03   2.6223694e-02   2.7163422e-02  -7.2340590e-03  -3.3151121e-02  -3.7022561e-02
  -8.9161407e-02  -1.2247072e-01  -1.4231313e-01  -1.4102028e-01  -8.8057605e-02  -3.6292794e-02  -1.1884745e-02   2.2999339e-02   2.4061561e-02  -1.0954832e-02  -3.5886120e-02  -3.9154531e-02
  -9.0532817e-02  -1.2385547e-01  -1.4353640e-01  -1.4239712e-01  -9.0144295e-02  -3.8782863e-02  -1.5262825e-02   1.9715432e-02   2.0967156e-02  -1.4616657e-02  -3.8419555e-02  -4.1041107e-02
  -9.1792502e-02  -1.2513041e-01  -1.4464700e-01  -1.4365529e-01  -9.2120633e-02  -4.1157364e-02  -1.8521996e-02   1.6536920e-02   1.7979461e-02  -1.8178877e-02  -4.0853563e-02  -4.2817993e-02
  -9.2908240e-02  -1.2626387e-01  -1.4561243e-01  -1.4476054e-01  -9.3954737e-02  -4.3382886e-02  -2.1627824e-02   1.3494349e-02   1.5129385e-02  -2.1612586e-02  -4.3159371e-02  -4.4453515e-02
  -9.3829612e-02  -1.2720630e-01  -1.4638188e-01  -1.4565936e-01  -9.5596693e-02  -4.5407107e-02  -2.4526343e-02   1.0635594e-02   1.2465365e-02  -2.4872448e-02  -4.5291903e-02  -4.5898087e-02
  -9.5102808e-02  -1.2892315e-01  -1.4823524e-01  -1.4761099e-01  -9.8068669e-02  -4.7685417e-02  -2.7304117e-02   8.3528924e-03   1.0227329e-02  -2.8202763e-02  -4.7743753e-02  -4.7575079e-02
  -9.6348811e-02  -1.3085864e-01  -1.5047877e-01  -1.4992262e-01  -1.0078928e-01  -4.9871593e-02  -2.9767428e-02   6.6177619e-03   8.4534187e-03  -3.1367044e-02  -5.0173595e-02  -4.9160116e-02
  -9.6751496e-02  -1.3182473e-01  -1.5172358e-01  -1.5125803e-01  -1.0262702e-01  -5.1282810e-02  -3.1546789e-02   5.3317331e-03   7.1825212e-03  -3.3897875e-02  -5.1970708e-02  -4.9999840e-02
  -9.3911940e-02  -1.2863307e-01  -1.4864106e-01  -1.4854373e-01  -1.0088831e-01  -5.0004161e-02  -3.1355610e-02   4.7042323e-03   6.9159660e-03  -3.4370514e-02  -5.1669920e-02  -4.8217945e-02
  -9.0612559e-02  -1.2501886e-01  -1.4513355e-01  -1.4536892e-01  -9.8710294e-02  -4.8228554e-02  -3.0624246e-02   4.5897831e-03   7.1572948e-03  -3.4398857e-02  -5.0937464e-02  -4.5967898e-02
  -8.8053761e-02  -1.2279759e-01  -1.4365324e-01  -1.4396815e-01  -9.8145794e-02  -4.8188037e-02  -3.1572951e-02   3.3005249e-03   5.9560918e-03  -3.5831030e-02  -5.1381833e-02  -4.4975354e-02
  -8.5713617e-02  -1.2121542e-01  -1.4319953e-01  -1.4341925e-01  -9.8343784e-02  -4.8953299e-02  -3.3268656e-02   1.5616458e-03   4.1375809e-03  -3.7889748e-02  -5.2321803e-02  -4.4511879e-02
  -8.2821632e-02  -1.1914264e-01  -1.4226374e-01  -1.4233683e-01  -9.8027167e-02  -4.9131323e-02  -3.4316248e-02   4.5033875e-04   2.9332341e-03  -3.9412746e-02  -5.2741403e-02  -4.3490802e-02
  -7.9064296e-02  -1.1608947e-01  -1.4013627e-01  -1.3986098e-01  -9.6404404e-02  -4.8376054e-02  -3.4635548e-02  -3.4090501e-04   2.2539988e-03  -4.0074619e-02  -5.2455627e-02  -4.1955398e-02
  -7.4255744e-02  -1.1177727e-01  -1.3641983e-01  -1.3551222e-01  -9.3032273e-02  -4.6478652e-02  -3.4156119e-02  -9.4950333e-04   2.0787456e-03  -3.9677823e-02  -5.1344045e-02  -3.9907641e-02
  -7.1497279e-02  -1.0968120e-01  -1.3611435e-01  -1.3464534e-01  -9.3183034e-02  -4.6704070e-02  -3.5292652e-02  -2.3302181e-03   1.0323728e-03  -4.0432152e-02  -5.1605864e-02  -3.9508412e-02
  -6.7975610e-02  -1.0670578e-01  -1.3479219e-01  -1.3291060e-01  -9.2737649e-02  -4.6262849e-02  -3.5658060e-02  -3.1925575e-03   4.8271410e-04  -4.0396026e-02  -5.1242080e-02  -3.8418870e-02
  -6.2058511e-02  -1.0085168e-01  -1.2976629e-01  -1.2802720e-01  -8.9982244e-02  -4.3800596e-02  -3.3888142e-02  -2.9409004e-03   9.9213556e-04  -3.8211635e-02  -4.9132537e-02  -3.5277050e-02
  -5.5867738e-02  -9.4766409e-02  -1.2452622e-01  -1.2286149e-01  -8.6922424e-02  -4.1001999e-02  -3.1759440e-02  -2.3299309e-03   1.8713099e-03  -3.5722187e-02  -4.6729980e-02  -3.1857431e-02
  -5.0719473e-02  -8.9622420e-02  -1.2031021e-01  -1.1880514e-01  -8.4959552e-02  -3.9104173e-02  -3.0616907e-02  -2.3639174e-03   2.0480926e-03  -3.4010357e-02  -4.5173916e-02  -2.9363021e-02
  -4.8080850e-02  -8.6726168e-02  -1.1849783e-01  -1.1740970e-01  -8.5657168e-02  -3.9488723e-02  -3.1962753e-02  -4.1667056e-03   3.2303315e-04  -3.4285468e-02  -4.5736662e-02  -2.9136112e-02
  -4.5137825e-02  -8.3224395e-02  -1.1611455e-01  -1.1556118e-01  -8.5776703e-02  -3.9627219e-02  -3.3167128e-02  -6.1864918e-03  -1.4231231e-03  -3.4366005e-02  -4.5983680e-02  -2.8681448e-02
  -4.1749827e-02  -7.8549461e-02  -1.1262290e-01  -1.1293819e-01  -8.4860922e-02  -3.9519027e-02  -3.4386391e-02  -9.0423806e-03  -3.5673925e-03  -3.4288095e-02  -4.5784438e-02  -2.7965493e-02
  -3.8278200e-02  -7.3797108e-02  -1.0905874e-01  -1.1022495e-01  -8.3844065e-02  -3.9307506e-02  -3.5497260e-02  -1.1796636e-02  -5.6029356e-03  -3.4117097e-02  -4.5492904e-02  -2.7164275e-02
  -3.8317681e-02  -7.2726178e-02  -1.0936866e-01  -1.1045508e-01  -8.5975501e-02  -4.1269790e-02  -3.8185520e-02  -1.5137837e-02  -8.5235530e-03  -3.5399475e-02  -4.7221543e-02  -2.9093993e-02
  -3.9502021e-02  -7.2859681e-02  -1.1094942e-01  -1.1163714e-01  -8.9123273e-02  -4.3920832e-02  -4.1360572e-02  -1.8636331e-02  -1.1698704e-02  -3.7133074e-02  -4.9591711e-02  -3.1906242e-02
  -4.0625314e-02  -7.2936583e-02  -1.1247677e-01  -1.1275376e-01  -9.2197582e-02  -4.6497354e-02  -4.4457743e-02  -2.2062171e-02  -1.4796077e-02  -3.8799866e-02  -5.1895280e-02  -3.4656464e-02
  -4.1683460e-02  -7.2953122e-02  -1.1394711e-01  -1.1380052e-01  -9.5193416e-02  -4.8994293e-02  -4.7471726e-02  -2.5410385e-02  -1.7810372e-02  -4.0395344e-02  -5.4127726e-02  -3.7340419e-02
  -4.2560781e-02  -7.2485463e-02  -1.1467926e-01  -1.1409334e-01  -9.7492868e-02  -5.1407283e-02  -4.9995994e-02  -2.8472472e-02  -2.0604902e-02  -4.1677641e-02  -5.6097339e-02  -3.9686734e-02
  -4.6458341e-02  -7.3197096e-02  -1.1579594e-01  -1.1544941e-01  -1.0085258e-01  -5.6702248e-02  -5.4389592e-02  -3.3845728e-02  -2.5878279e-02  -4.4808348e-02  -5.9659674e-02  -4.3835089e-02
  -5.0273798e-02  -7.3834620e-02  -1.1685283e-01  -1.1672944e-01  -1.0411338e-01  -6.1875748e-02  -5.8670179e-02  -3.9108388e-02  -3.1027290e-02  -4.7838054e-02  -6.3114093e-02  -4.7893639e-02
  -5.3977569e-02  -7.4372178e-02  -1.1782892e-01  -1.1790670e-01  -1.0724001e-01  -6.6884155e-02  -6.2797327e-02  -4.4220564e-02  -3.6007314e-02  -5.0730870e-02  -6.6422181e-02  -5.1830061e-02
  -5.7527086e-02  -7.4773085e-02  -1.1869427e-01  -1.1894317e-01  -1.1018202e-01  -7.1664790e-02  -6.6713047e-02  -4.9124843e-02  -4.0754264e-02  -5.3435462e-02  -6.9528957e-02  -5.5597868e-02
  -6.1940521e-02  -7.6864661e-02  -1.2053810e-01  -1.2130919e-01  -1.1386958e-01  -7.7339508e-02  -7.0990158e-02  -5.4158413e-02  -4.5842927e-02  -5.7031316e-02  -7.3258702e-02  -5.9986516e-02
  -6.6799889e-02  -8.0012077e-02  -1.2295961e-01  -1.2447021e-01  -1.1789075e-01  -8.3404525e-02  -7.5300172e-02  -5.9061858e-02  -5.0926675e-02  -6.1060708e-02  -7.7218363e-02  -6.4634506e-02
  -7.1690450e-02  -8.3047378e-02  -1.2486835e-01  -1.2733278e-01  -1.2174957e-01  -8.9171290e-02  -7.9601985e-02  -6.3949694e-02  -5.5841808e-02  -6.4770890e-02  -8.0949902e-02  -6.9296046e-02
  -7.7372616e-02  -8.6426035e-02  -1.2591784e-01  -1.3004926e-01  -1.2600043e-01  -9.5168742e-02  -8.4811572e-02  -6.9709491e-02  -6.1333011e-02  -6.8473516e-02  -8.4964035e-02  -7.4753989e-02
  -8.2540894e-02  -8.9342518e-02  -1.2656916e-01  -1.3228391e-01  -1.2965650e-01  -1.0040636e-01  -8.9367258e-02  -7.4818229e-02  -6.6086327e-02  -7.1556808e-02  -8.8336195e-02  -7.9665542e-02
  -8.6751036e-02  -9.2248840e-02  -1.2769069e-01  -1.3460888e-01  -1.3300571e-01  -1.0484471e-01  -9.2828208e-02  -7.8759113e-02  -6.9679464e-02  -7.4144558e-02  -9.1237602e-02  -8.4160945e-02
  -9.0057606e-02  -9.4571472e-02  -1.2845447e-01  -1.3636353e-01  -1.3553755e-01  -1.0813420e-01  -9.5205408e-02  -8.1592387e-02  -7.2074184e-02  -7.5853797e-02  -9.3235070e-02  -8.7845824e-02
  -9.2508055e-02  -9.6091605e-02  -1.2853616e-01  -1.3729638e-01  -1.3706943e-01  -1.1016992e-01  -9.6543388e-02  -8.3381058e-02  -7.3300626e-02  -7.6562136e-02  -9.4185227e-02  -9.0577473e-02
  -9.4103777e-02  -9.6858253e-02  -1.2773158e-01  -1.3733879e-01  -1.3751926e-01  -1.1101167e-01  -9.6943841e-02  -8.4061330e-02  -7.3366155e-02  -7.6199772e-02  -9.4139520e-02  -9.2369424e-02
  -9.4909657e-02  -9.6990843e-02  -1.2580361e-01  -1.3644912e-01  -1.3684109e-01  -1.1082114e-01  -9.6608318e-02  -8.3615986e-02  -7.2351783e-02  -7.4731500e-02  -9.3229739e-02  -9.3310026e-02
  -9.5106084e-02  -9.6563286e-02  -1.2343720e-01  -1.3500474e-01  -1.3548063e-01  -1.0976271e-01  -9.5556484e-02  -8.2453068e-02  -7.0543994e-02  -7.2594555e-02  -9.1608568e-02  -9.3571226e-02
  -9.4767220e-02  -9.5646141e-02  -1.2069560e-01  -1.3307955e-01  -1.3352713e-01  -1.0794729e-01  -9.3880560e-02  -8.0665393e-02  -6.8047471e-02  -6.9879582e-02  -8.9369871e-02  -9.3235533e-02
  -9.3817983e-02  -9.4296312e-02  -1.1773894e-01  -1.3087721e-01  -1.3116064e-01  -1.0497375e-01  -9.1352044e-02  -7.8065294e-02  -6.4620476e-02  -6.6558162e-02  -8.6538553e-02  -9.2614727e-02
  -9.2494131e-02  -9.2602957e-02  -1.1452491e-01  -1.2833786e-01  -1.2837863e-01  -1.0148512e-01  -8.8396717e-02  -7.5037230e-02  -6.0725106e-02  -6.2841387e-02  -8.3280235e-02  -9.1564464e-02
  -9.0896327e-02  -9.0657376e-02  -1.1112158e-01  -1.2555440e-01  -1.2529576e-01  -9.7645908e-02  -8.5140845e-02  -7.1703585e-02  -5.6499380e-02  -5.8838124e-02  -7.9717855e-02  -9.0189197e-02
  -8.6892312e-02  -8.6997559e-02  -1.0671899e-01  -1.2218469e-01  -1.2116655e-01  -9.1849544e-02  -7.9564226e-02  -6.5730205e-02  -4.9599264e-02  -5.2520204e-02  -7.4767596e-02  -8.6968343e-02
  -8.2722814e-02  -8.3175957e-02  -1.0219157e-01  -1.1863808e-01  -1.1682536e-01  -8.5821173e-02  -7.3801497e-02  -5.9573211e-02  -4.2497815e-02  -4.6027999e-02  -6.9610222e-02  -8.3530420e-02
  -7.8415642e-02  -7.9219638e-02  -9.7560926e-02  -1.1494389e-01  -1.1230735e-01  -7.9599863e-02  -6.7884421e-02  -5.3264153e-02  -3.5229789e-02  -3.9391754e-02  -6.4280508e-02  -7.9910977e-02
  -7.3527789e-02  -7.4868791e-02  -9.2390531e-02  -1.1054890e-01  -1.0695185e-01  -7.2843762e-02  -6.1523851e-02  -4.6637693e-02  -2.7698455e-02  -3.2527928e-02  -5.8478710e-02  -7.5884119e-02
  -6.7326538e-02  -6.9685600e-02  -8.5962915e-02  -1.0454209e-01  -9.9670729e-02  -6.4974299e-02  -5.4231511e-02  -3.9404727e-02  -1.9722631e-02  -2.5279928e-02  -5.1697104e-02  -7.1059932e-02
  -6.0956430e-02  -6.4354045e-02  -7.9399793e-02  -9.8345632e-02  -9.2162695e-02  -5.6895882e-02  -4.6771398e-02  -3.2018726e-02  -1.1587839e-02  -1.7894826e-02  -4.4729181e-02  -6.6046384e-02
  -5.4030876e-02  -5.8544530e-02  -7.2506307e-02  -9.1596453e-02  -8.3955601e-02  -4.8100683e-02  -3.8688626e-02  -2.4058415e-02  -2.8546131e-03  -9.9578866e-03  -3.7102185e-02  -6.0360996e-02
  -4.3823517e-02  -4.9950176e-02  -6.4085338e-02  -8.1853145e-02  -7.1801216e-02  -3.4959066e-02  -2.6655698e-02  -1.2430489e-02   9.7088022e-03   1.6292073e-03  -2.5408355e-02  -5.0534102e-02
  -3.3400820e-02  -4.1162401e-02  -5.5459410e-02  -7.1841502e-02  -5.9338331e-02  -2.1561221e-02  -1.4435810e-02  -6.3618130e-04   2.2442789e-02   1.3350516e-02  -1.3491668e-02  -4.0473921e-02
  -2.2738909e-02  -3.2158817e-02  -4.6603669e-02  -6.1526872e-02  -4.6528677e-02  -7.8803746e-03  -2.0134498e-03   1.1336802e-02   3.5358893e-02   2.5212325e-02  -1.3292725e-03  -3.0152558e-02
  -1.1851035e-02  -2.2950145e-02  -3.7528070e-02  -5.0919662e-02  -3.3386172e-02   6.0656618e-03   1.0593374e-02   2.3470545e-02   4.8437430e-02   3.7195653e-02   1.1062799e-02  -1.9581843e-02
  -7.3901956e-04  -1.3536320e-02  -2.8230504e-02  -4.0013304e-02  -1.9906095e-02   2.0271761e-02   2.3373661e-02   3.5752531e-02   6.1663657e-02   4.9283848e-02   2.3679305e-02  -8.7600947e-03
   1.0612121e-02  -3.9006145e-03  -1.8689343e-02  -2.8772189e-02  -6.0529277e-03   3.4750087e-02   3.6322379e-02   4.8173047e-02   7.5023961e-02   6.1456515e-02   3.6529322e-02   2.3359287e-03
   2.2162361e-02   5.9239456e-03  -8.9360875e-03  -1.7231028e-02   8.1285693e-03   4.9447939e-02   4.9388621e-02   6.0682106e-02   8.8463820e-02   7.3662084e-02   4.9565670e-02   1.3669140e-02
   3.4161654e-02   1.6008077e-02   1.2215864e-03  -4.7559201e-03   2.2971005e-02   6.3281837e-02   6.1574701e-02   7.1049230e-02   9.9321465e-02   8.5221203e-02   6.3952365e-02   2.5815889e-02
   4.6452163e-02   2.6307744e-02   1.1652111e-02   8.2352011e-03   3.8214840e-02   7.6825390e-02   7.3382815e-02   8.0489827e-02   1.0904022e-01   9.6413310e-02   7.8893863e-02   3.8410939e-02
   5.9737073e-02   3.7508586e-02   2.2886841e-02   2.2158262e-02   5.4265639e-02   9.0473069e-02   8.4819535e-02   8.8866821e-02   1.1727757e-01   1.0675933e-01   9.4119901e-02   5.2006319e-02
   7.6030171e-02   5.1249716e-02   3.6710809e-02   3.9356453e-02   7.4086683e-02   1.0726582e-01   9.8881837e-02   9.9184599e-02   1.2744499e-01   1.1948834e-01   1.1291294e-01   6.8732589e-02
   8.5975434e-02   5.9641487e-02   4.5196621e-02   4.9983146e-02   8.6328385e-02   1.1757373e-01   1.0750323e-01   1.0552881e-01   1.3371942e-01   1.2730051e-01   1.2450980e-01   7.8997450e-02
   9.8874914e-02   7.0527820e-02   5.6223543e-02   6.3821685e-02   1.0226767e-01   1.3096827e-01   1.1870178e-01   1.1377736e-01   1.4188688e-01   1.3745143e-01   1.3960525e-01   9.2335091e-02
   1.0753736e-01   7.7840595e-02   6.3653619e-02   7.3182647e-02   1.1304674e-01   1.3999352e-01   1.2624190e-01   1.1934090e-01   1.4740756e-01   1.4429046e-01   1.4980852e-01   1.0132084e-01
   1.1613150e-01   8.5096868e-02   7.1038237e-02   8.2505297e-02   1.2378018e-01   1.4896348e-01   1.3373296e-01   1.2487331e-01   1.5290350e-01   1.5108724e-01   1.5996592e-01   1.1025093e-01
   1.2368535e-01   9.1304368e-02   7.7532660e-02   9.0828865e-02   1.3300281e-01   1.5639743e-01   1.3986585e-01   1.2913502e-01   1.5714950e-01   1.5686351e-01   1.6882778e-01   1.1785374e-01
   1.2811905e-01   9.4338243e-02   8.1328507e-02   9.6096355e-02   1.3757498e-01   1.5912188e-01   1.4183454e-01   1.2946738e-01   1.5751737e-01   1.5952348e-01   1.7371722e-01   1.2140511e-01
   1.3246004e-01   9.7292768e-02   8.5057734e-02   1.0130010e-01   1.4206756e-01   1.6175942e-01   1.4372684e-01   1.2974484e-01   1.5783694e-01   1.6211910e-01   1.7853047e-01   1.2487198e-01
   1.3671527e-01   1.0017430e-01   8.8725025e-02   1.0644372e-01   1.4648614e-01   1.6431730e-01   1.4554936e-01   1.2997270e-01   1.5811285e-01   1.6465543e-01   1.8327257e-01   1.2826094e-01
   1.4174256e-01   1.0368770e-01   9.2845953e-02   1.1202366e-01   1.5178540e-01   1.6793014e-01   1.4831002e-01   1.3086112e-01   1.5896596e-01   1.6785968e-01   1.8885469e-01   1.3244728e-01
   1.4747719e-01   1.0778050e-01   9.7384439e-02   1.1800527e-01   1.5788745e-01   1.7250314e-01   1.5192434e-01   1.3235072e-01   1.6034445e-01   1.7167333e-01   1.9520259e-01   1.3736236e-01
   1.5308389e-01   1.1177722e-01   1.0181913e-01   1.2385821e-01   1.6386794e-01   1.7698496e-01   1.5546628e-01   1.3380761e-01   1.6169277e-01   1.7540690e-01   2.0142488e-01   1.4217049e-01
   1.5841780e-01   1.1557008e-01   1.0603303e-01   1.2943574e-01   1.6958601e-01   1.8126999e-01   1.5885205e-01   1.3519462e-01   1.6297663e-01   1.7896861e-01   2.0737580e-01   1.4674999e-01
   1.6351992e-01   1.1919333e-01   1.1006126e-01   1.3477565e-01   1.7507011e-01   1.8537962e-01   1.6209891e-01   1.3652186e-01   1.6420526e-01   1.8238054e-01   2.1308407e-01   1.5113316e-01
   1.6839612e-01   1.2265115e-01   1.1390845e-01   1.3988407e-01   1.8032653e-01   1.8931854e-01   1.6521057e-01   1.3779087e-01   1.6538010e-01   1.8564657e-01   2.1855621e-01   1.5532505e-01
   1.7306638e-01   1.2595962e-01   1.1759139e-01   1.4478006e-01   1.8537105e-01   1.9309864e-01   1.6819654e-01   1.3900665e-01   1.6650572e-01   1.8877814e-01   2.2380834e-01   1.5934178e-01
   1.7733017e-01   1.2893628e-01   1.2088450e-01   1.4913099e-01   1.8981506e-01   1.9639726e-01   1.7082153e-01   1.4002579e-01   1.6747064e-01   1.9161434e-01   2.2857667e-01   1.6294839e-01
   1.7910736e-01   1.2970665e-01   1.2149298e-01   1.4959437e-01   1.8980052e-01   1.9602145e-01   1.7075053e-01   1.3943280e-01   1.6716892e-01   1.9252027e-01   2.3019842e-01   1.6376347e-01
   1.8082114e-01   1.3045032e-01   1.2208074e-01   1.5004247e-01   1.8978779e-01   1.9566041e-01   1.7068291e-01   1.3886209e-01   1.6687872e-01   1.9339391e-01   2.3176184e-01   1.6455009e-01
   1.8246913e-01   1.3116462e-01   1.2264490e-01   1.5047207e-01   1.8977420e-01   1.9531182e-01   1.7061700e-01   1.3831214e-01   1.6659888e-01   1.9423397e-01   2.3326572e-01   1.6530586e-01
   1.8403052e-01   1.3183129e-01   1.2316667e-01   1.5086308e-01   1.8974477e-01   1.9496404e-01   1.7054363e-01   1.3777685e-01   1.6632406e-01   1.9502943e-01   2.3469653e-01   1.6601395e-01
   1.8557737e-01   1.3250290e-01   1.2370378e-01   1.5127382e-01   1.8975861e-01   1.9468184e-01   1.7050437e-01   1.3725962e-01   1.6606082e-01   1.9582655e-01   2.3611422e-01   1.6671279e-01
   1.8797360e-01   1.3382751e-01   1.2496159e-01   1.5242318e-01   1.9051691e-01   1.9520826e-01   1.7098508e-01   1.3683006e-01   1.6590752e-01   1.9716798e-01   2.3821706e-01   1.6789458e-01
   1.9027404e-01   1.3509656e-01   1.2616695e-01   1.5352351e-01   1.9124515e-01   1.9571702e-01   1.7144767e-01   1.3641351e-01   1.6575753e-01   1.9845724e-01   2.4023863e-01   1.6902497e-01
   1.9248203e-01   1.3631204e-01   1.2732172e-01   1.5457657e-01   1.9194438e-01   1.9620867e-01   1.7189276e-01   1.3600959e-01   1.6561080e-01   1.9969612e-01   2.4218170e-01   1.7010582e-01
   1.9459924e-01   1.3747450e-01   1.2842649e-01   1.5558273e-01   1.9261516e-01   1.9668404e-01   1.7232083e-01   1.3561744e-01   1.6546683e-01   2.0088575e-01   2.4404813e-01   1.7113738e-01
   1.9663123e-01   1.3858796e-01   1.2948496e-01   1.5654578e-01   1.9325917e-01   1.9714313e-01   1.7273260e-01   1.3523755e-01   1.6532628e-01   2.0202873e-01   2.4584178e-01   1.7212390e-01
   1.9858199e-01   1.3965500e-01   1.3049953e-01   1.5746805e-01   1.9387762e-01   1.9758636e-01   1.7312872e-01   1.3486978e-01   1.6518929e-01   2.0312709e-01   2.4756579e-01   1.7306791e-01
   2.0044547e-01   1.4066979e-01   1.3146496e-01   1.5834373e-01   1.9446884e-01   1.9801557e-01   1.7350902e-01   1.3451129e-01   1.6505359e-01   2.0417880e-01   2.4921745e-01   1.7396252e-01
   2.0222910e-01   1.4163817e-01   1.3238658e-01   1.5917841e-01   1.9503503e-01   1.9843020e-01   1.7387425e-01   1.3416349e-01   1.6492054e-01   2.0518709e-01   2.5080148e-01   1.7481410e-01
   2.0391374e-01   1.4254400e-01   1.3324973e-01   1.5995633e-01   1.9557067e-01   1.9883322e-01   1.7422293e-01   1.3382095e-01   1.6478540e-01   2.0614431e-01   2.5230699e-01   1.7560437e-01
   2.0550122e-01   1.4339001e-01   1.3405682e-01   1.6068042e-01   1.9607617e-01   1.9922280e-01   1.7455469e-01   1.3348609e-01   1.6464991e-01   2.0705054e-01   2.5373376e-01   1.7633697e-01
   2.0695924e-01   1.4415131e-01   1.3478502e-01   1.6132684e-01   1.9654201e-01   1.9960096e-01   1.7486602e-01   1.3315347e-01   1.6450857e-01   2.0789162e-01   2.5506095e-01   1.7698476e-01
   2.0834698e-01   1.4487279e-01   1.3547553e-01   1.6193840e-01   1.9698570e-01   1.9996494e-01   1.7516366e-01   1.3283190e-01   1.6437067e-01   2.0869389e-01   2.5632751e-01   1.7759632e-01
   2.0961577e-01   1.4551935e-01   1.3609597e-01   1.6248204e-01   1.9739267e-01   2.0031466e-01   1.7544131e-01   1.3251703e-01   1.6423051e-01   2.0943469e-01   2.5749947e-01   1.7813459e-01
   2.0961577e-01   1.4551935e-01   1.3609597e-01   1.6248204e-01   1.9739267e-01   2.0031466e-01   1.7544131e-01   1.3251703e-01   1.6423051e-01   2.0943469e-01   2.5749947e-01   1.7813459e-01
   2.0961577e-01   1.4551935e-01   1.3609597e-01   1.6248204e-01   1.9739267e-01   2.0031466e-01   1.7544131e-01   1.3251703e-01   1.6423051e-01   2.0943469e-01   2.5749947e-01   1.7813459e-01
   2.0961577e-01   1.4551935e-01   1.3609597e-01   1.6248204e-01   1.9739267e-01   2.0031466e-01   1.7544131e-01   1.3251703e-01   1.6423051e-01   2.0943469e-01   2.5749947e-01   1.7813459e-01
   2.0961577e-01   1.4551935e-01   1.3609597e-01   1.6248204e-01   1.9739267e-01   2.0031466e-01   1.7544131e-01   1.3251703e-01   1.6423051e-01   2.0943469e-01   2.5749947e-01   1.7813459e-01
   2.0961577e-01   1.4551935e-01   1.3609597e-01   1.6248204e-01   1.9739267e-01   2.0031466e-01   1.7544131e-01   1.3251703e-01   1.6423051e-01   2.0943469e-01   2.5749947e-01   1.7813459e-01
   2.0961577e-01   1.4551935e-01   1.3609597e-01   1.6248204e-01   1.9739267e-01   2.0031466e-01   1.7544131e-01   1.3251703e-01   1.6423051e-01   2.0943469e-01   2.5749947e-01   1.7813459e-01
   2.0961577e-01   1.4551935e-01   1.3609597e-01   1.6248204e-01   1.9739267e-01   2.0031466e-01   1.7544131e-01   1.3251703e-01   1.6423051e-01   2.0943469e-01   2.5749947e-01   1.7813459e-01
   2.0961577e-01   1.4551935e-01   1.3609597e-01   1.6248204e-01   1.9739267e-01   2.0031466e-01   1.7544131e-01   1.3251703e-01   1.6423051e-01   2.0943469e-01   2.5749947e-01   1.7813459e-01
   2.0961577e-01   1.4551935e-01   1.3609597e-01   1.6248204e-01   1.9739267e-01   2.0031466e-01   1.7544131e-01   1.3251703e-01   1.6423051e-01   2.0943469e-01   2.5749947e-01   1.7813459e-01
   2.0961577e-01   1.4551935e-01   1.3609597e-01   1.6248204e-01   1.9739267e-01   2.0031466e-01   1.7544131e-01   1.3251703e-01   1.6423051e-01   2.0943469e-01   2.5749947e-01   1.7813459e-01
