   1.1932107e-01   1.2476276e-01   1.4457827e-01   1.3668009e-01   1.3135939e-01   1.1789061e-01   1.1935600e-01   9.6495032e-02   9.1060458e-02   1.1368987e-01   1.4594886e-01   1.2547379e-01
   1.1932107e-01   1.2476276e-01   1.4457827e-01   1.3668009e-01   1.3135939e-01   1.1789061e-01   1.1935600e-01   9.6495032e-02   9.1060458e-02   1.1368987e-01   1.4594886e-01   1.2547379e-01
   1.1932107e-01   1.2476276e-01   1.4457827e-01   1.3668009e-01   1.3135939e-01   1.1789061e-01   1.1935600e-01   9.6495032e-02   9.1060458e-02   1.1368987e-01   1.4594886e-01   1.2547379e-01
   1.1932107e-01   1.2476276e-01   1.4457827e-01   1.3668009e-01   1.3135939e-01   1.1789061e-01   1.1935600e-01   9.6495032e-02   9.1060458e-02   1.1368987e-01   1.4594886e-01   1.2547379e-01
   1.1932107e-01   1.2476276e-01   1.4457827e-01   1.3668009e-01   1.3135939e-01   1.1789061e-01   1.1935600e-01   9.6495032e-02   9.1060458e-02   1.1368987e-01   1.4594886e-01   1.2547379e-01
   1.1932107e-01   1.2476276e-01   1.4457827e-01   1.3668009e-01   1.3135939e-01   1.1789061e-01   1.1935600e-01   9.6495032e-02   9.1060458e-02   1.1368987e-01   1.4594886e-01   1.2547379e-01
   1.1932107e-01   1.2476276e-01   1.4457827e-01   1.3668009e-01   1.3135939e-01   1.1789061e-01   1.1935600e-01   9.6495032e-02   9.1060458e-02   1.1368987e-01   1.4594886e-01   1.2547379e-01
   1.1932107e-01   1.2476276e-01   1.4457827e-01   1.3668009e-01   1.3135939e-01   1.1789061e-01   1.1935600e-01   9.6495032e-02   9.1060458e-02   1.1368987e-01   1.4594886e-01   1.2547379e-01
   1.1932107e-01   1.2476276e-01   1.4457827e-01   1.3668009e-01   1.3135939e-01   1.1789061e-01   1.1935600e-01   9.6495032e-02   9.1060458e-02   1.1368987e-01   1.4594886e-01   1.2547379e-01
   1.1932107e-01   1.2476276e-01   1.4457827e-01   1.3668009e-01   1.3135939e-01   1.1789061e-01   1.1935600e-01   9.6495032e-02   9.1060458e-02   1.1368987e-01   1.4594886e-01   1.2547379e-01
   1.1932107e-01   1.2476276e-01   1.4457827e-01   1.3668009e-01   1.3135939e-01   1.1789061e-01   1.1935600e-01   9.6495032e-02   9.1060458e-02   1.1368987e-01   1.4594886e-01   1.2547379e-01
   1.1932107e-01   1.2476276e-01   1.4457827e-01   1.3668009e-01   1.3135939e-01   1.1789061e-01   1.1935600e-01   9.6495032e-02   9.1060458e-02   1.1368987e-01   1.4594886e-01   1.2547379e-01
   1.1932107e-01   1.2476276e-01   1.4457827e-01   1.3668009e-01   1.3135939e-01   1.1789061e-01   1.1935600e-01   9.6495032e-02   9.1060458e-02   1.1368987e-01   1.4594886e-01   1.2547379e-01
   1.1932107e-01   1.2476276e-01   1.4457827e-01   1.3668009e-01   1.3135939e-01   1.1789061e-01   1.1935600e-01   9.6495032e-02   9.1060458e-02   1.1368987e-01   1.4594886e-01   1.2547379e-01
   1.1932107e-01   1.2476276e-01   1.4457827e-01   1.3668009e-01   1.3135939e-01   1.1789061e-01   1.1935600e-01   9.6495032e-02   9.1060458e-02   1.1368987e-01   1.4594886e-01   1.2547379e-01
   1.1932107e-01   1.2476276e-01   1.4457827e-01   1.3668009e-01   1.3135939e-01   1.1789061e-01   1.1935600e-01   9.6495032e-02   9.1060458e-02   1.1368987e-01   1.4594886e-01   1.2547379e-01
   1.1932107e-01   1.2476276e-01   1.4457827e-01   1.3668009e-01   1.3135939e-01   1.1789061e-01   1.1935600e-01   9.6495032e-02   9.1060458e-02   1.1368987e-01   1.4594886e-01   1.2547379e-01
   1.1932107e-01   1.2476276e-01   1.4457827e-01   1.3668009e-01   1.3135939e-01   1.1789061e-01   1.1935600e-01   9.6495032e-02   9.1060458e-02   1.1368987e-01   1.4594886e-01   1.2547379e-01
   1.1932107e-01   1.2476276e-01   1.4457827e-01   1.3668009e-01   1.3135939e-01   1.1789061e-01   1.1935600e-01   9.6495032e-02   9.1060458e-02   1.1368987e-01   1.4594886e-01   1.2547379e-01
   1.1932107e-01   1.2476276e-01   1.4457827e-01   1.3668009e-01   1.3135939e-01   1.1789061e-01   1.1935600e-01   9.6495032e-02   9.1060458e-02   1.1368987e-01   1.4594886e-01   1.2547379e-01
   1.1932107e-01   1.2476276e-01   1.4457827e-01   1.3668009e-01   1.3135939e-01   1.1789061e-01   1.1935600e-01   9.6495032e-02   9.1060458e-02   1.1368987e-01   1.4594886e-01   1.2547379e-01
   1.1932107e-01   1.2476276e-01   1.4457827e-01   1.3668009e-01   1.3135939e-01   1.1789061e-01   1.1935600e-01   9.6495032e-02   9.1060458e-02   1.1368987e-01   1.4594886e-01   1.2547379e-01
   1.1932107e-01   1.2476276e-01   1.4457827e-01   1.3668009e-01   1.3135939e-01   1.1789061e-01   1.1935600e-01   9.6495032e-02   9.1060458e-02   1.1368987e-01   1.4594886e-01   1.2547379e-01
   1.1932107e-01   1.2476276e-01   1.4457827e-01   1.3668009e-01   1.3135939e-01   1.1789061e-01   1.1935600e-01   9.6495032e-02   9.1060458e-02   1.1368987e-01   1.4594886e-01   1.2547379e-01
   1.1932107e-01   1.2476276e-01   1.4457827e-01   1.3668009e-01   1.3135939e-01   1.1789061e-01   1.1935600e-01   9.6495032e-02   9.1060458e-02   1.1368987e-01   1.4594886e-01   1.2547379e-01
   1.1932107e-01   1.2476276e-01   1.4457827e-01   1.3668009e-01   1.3135939e-01   1.1789061e-01   1.1935600e-01   9.6495032e-02   9.1060458e-02   1.1368987e-01   1.4594886e-01   1.2547379e-01
   1.1932107e-01   1.2476276e-01   1.4457827e-01   1.3668009e-01   1.3135939e-01   1.1789061e-01   1.1935600e-01   9.6495032e-02   9.1060458e-02   1.1368987e-01   1.4594886e-01   1.2547379e-01
   1.1886295e-01   1.2474624e-01   1.4452584e-01   1.3635102e-01   1.3177792e-01   1.1839409e-01   1.1960964e-01   9.6507079e-02   9.1029699e-02   1.1372094e-01   1.4555415e-01   1.2534812e-01
   1.1839851e-01   1.2472994e-01   1.4447262e-01   1.3601439e-01   1.3220357e-01   1.1890680e-01   1.1986834e-01   9.6520183e-02   9.0999435e-02   1.1375395e-01   1.4515095e-01   1.2522073e-01
   1.1792766e-01   1.2471386e-01   1.4441861e-01   1.3567006e-01   1.3263645e-01   1.1942891e-01   1.2013220e-01   9.6534372e-02   9.0969685e-02   1.1378895e-01   1.4473909e-01   1.2509159e-01
   1.1745195e-01   1.2469829e-01   1.4436395e-01   1.3531769e-01   1.3307577e-01   1.1995981e-01   1.2040111e-01   9.6550033e-02   9.0940995e-02   1.1382657e-01   1.4431846e-01   1.2496112e-01
   1.1697359e-01   1.2468360e-01   1.4430885e-01   1.3495688e-01   1.3352041e-01   1.2049856e-01   1.2067488e-01   9.6567694e-02   9.0914118e-02   1.1386764e-01   1.4388896e-01   1.2482995e-01
   1.1649121e-01   1.2466958e-01   1.4425317e-01   1.3458764e-01   1.3397118e-01   1.2104595e-01   1.2095375e-01   9.6587100e-02   9.0888660e-02   1.1391178e-01   1.4345039e-01   1.2469768e-01
   1.1600157e-01   1.2465576e-01   1.4419660e-01   1.3421009e-01   1.3442994e-01   1.2160364e-01   1.2123824e-01   9.6607611e-02   9.0863658e-02   1.1395796e-01   1.4300246e-01   1.2456343e-01
   1.1550402e-01   1.2428527e-01   1.4379375e-01   1.3374387e-01   1.3479778e-01   1.2216237e-01   1.2154783e-01   9.6873187e-02   9.1087701e-02   1.1403747e-01   1.4264316e-01   1.2435921e-01
   1.1500037e-01   1.2381264e-01   1.4329084e-01   1.3324581e-01   1.3514456e-01   1.2272833e-01   1.2186862e-01   9.7210375e-02   9.1384177e-02   1.1412864e-01   1.4230241e-01   1.2413383e-01
   1.1449325e-01   1.2332771e-01   1.4277465e-01   1.3273560e-01   1.3549380e-01   1.2330281e-01   1.2219551e-01   9.7558635e-02   9.1691635e-02   1.1422455e-01   1.4195555e-01   1.2390501e-01
   1.1398330e-01   1.2283006e-01   1.4224471e-01   1.3221293e-01   1.3584506e-01   1.2388560e-01   1.2252853e-01   9.7918526e-02   9.2010707e-02   1.1432557e-01   1.4160261e-01   1.2367283e-01
   1.1346861e-01   1.2231997e-01   1.4170136e-01   1.3167788e-01   1.3619964e-01   1.2447779e-01   1.2286800e-01   9.8289326e-02   9.2340474e-02   1.1443108e-01   1.4124314e-01   1.2343686e-01
   1.1311812e-01   1.2196292e-01   1.4132085e-01   1.3130421e-01   1.3644117e-01   1.2488599e-01   1.2310333e-01   9.8551196e-02   9.2574608e-02   1.1450734e-01   1.4099434e-01   1.2327415e-01
   1.1237342e-01   1.2117616e-01   1.4048182e-01   1.3048322e-01   1.3695458e-01   1.2576767e-01   1.2361544e-01   9.9134807e-02   9.3099875e-02   1.1468218e-01   1.4045404e-01   1.2292257e-01
   1.1165452e-01   1.2038323e-01   1.3963561e-01   1.2965854e-01   1.3745045e-01   1.2663585e-01   1.2412415e-01   9.9730516e-02   9.3639968e-02   1.1486618e-01   1.3991860e-01   1.2257619e-01
   1.1096018e-01   1.1958504e-01   1.3878318e-01   1.2883092e-01   1.3792961e-01   1.2749087e-01   1.2462939e-01   1.0033717e-01   9.4193590e-02   1.1505863e-01   1.3938803e-01   1.2223491e-01
   1.1029679e-01   1.1878070e-01   1.3792349e-01   1.2800008e-01   1.3838772e-01   1.2832905e-01   1.2513003e-01   1.0095713e-01   9.4763757e-02   1.1526149e-01   1.3886382e-01   1.2190013e-01
   1.0966401e-01   1.1797082e-01   1.3705717e-01   1.2716657e-01   1.3882502e-01   1.2915032e-01   1.2562589e-01   1.0158973e-01   9.5349769e-02   1.1547442e-01   1.3834611e-01   1.2157190e-01
   1.0906356e-01   1.1715555e-01   1.3618437e-01   1.2633068e-01   1.3924031e-01   1.2995347e-01   1.2611651e-01   1.0223525e-01   9.5952058e-02   1.1569776e-01   1.3783546e-01   1.2125070e-01
   1.0851083e-01   1.1633334e-01   1.3530310e-01   1.2549226e-01   1.3962314e-01   1.3072938e-01   1.2659895e-01   1.0289883e-01   9.6577359e-02   1.1593601e-01   1.3733564e-01   1.2094005e-01
   1.0799126e-01   1.1550692e-01   1.3441660e-01   1.2465266e-01   1.3998339e-01   1.3148604e-01   1.2707545e-01   1.0357438e-01   9.7218058e-02   1.1618435e-01   1.3684362e-01   1.2063689e-01
   1.0716424e-01   1.1423047e-01   1.3264397e-01   1.2316938e-01   1.3953848e-01   1.3145876e-01   1.2701769e-01   1.0411227e-01   9.7684974e-02   1.1593507e-01   1.3623277e-01   1.2019077e-01
   1.0610350e-01   1.1216248e-01   1.2936311e-01   1.2055229e-01   1.3756567e-01   1.3002159e-01   1.2608607e-01   1.0472048e-01   9.8183380e-02   1.1517719e-01   1.3559227e-01   1.1960104e-01
   1.0504932e-01   1.1011655e-01   1.2612111e-01   1.1797025e-01   1.3563144e-01   1.2861434e-01   1.2517013e-01   1.0530740e-01   9.8662213e-02   1.1441007e-01   1.3494359e-01   1.1901241e-01
   1.0400162e-01   1.0809189e-01   1.2291642e-01   1.1542177e-01   1.3373381e-01   1.2723543e-01   1.2426912e-01   1.0587430e-01   9.9122666e-02   1.1363464e-01   1.3428753e-01   1.1842503e-01
   1.0296146e-01   1.0609139e-01   1.1975398e-01   1.1291114e-01   1.3187708e-01   1.2588815e-01   1.2338485e-01   1.0641903e-01   9.9562784e-02   1.1285043e-01   1.3362367e-01   1.1783926e-01
   1.0192752e-01   1.0411043e-01   1.1662561e-01   1.1043092e-01   1.3005298e-01   1.2456608e-01   1.2251396e-01   1.0694619e-01   9.9986814e-02   1.1205955e-01   1.3295387e-01   1.1725492e-01
   1.0090104e-01   1.0215246e-01   1.1353723e-01   1.0798630e-01   1.2826679e-01   1.2327328e-01   1.2165866e-01   1.0745310e-01   1.0039232e-01   1.1126132e-01   1.3227752e-01   1.1667242e-01
   9.9880829e-02   1.0021353e-01   1.1048188e-01   1.0557102e-01   1.2651163e-01   1.2200441e-01   1.2081616e-01   1.0794356e-01   1.0078277e-01   1.1045736e-01   1.3159604e-01   1.1609154e-01
   9.8864923e-02   9.8287516e-02   1.0744891e-01   1.0317557e-01   1.2477736e-01   1.2075163e-01   1.1998228e-01   1.0842299e-01   1.0116316e-01   1.0964968e-01   1.3091123e-01   1.1551182e-01
   9.7854158e-02   9.6376790e-02   1.0444237e-01   1.0080351e-01   1.2306760e-01   1.1951773e-01   1.1915855e-01   1.0888954e-01   1.0153178e-01   1.0883779e-01   1.3022265e-01   1.1493352e-01
   9.6847378e-02   9.4477821e-02   1.0145614e-01   9.8449398e-02   1.2137658e-01   1.1829827e-01   1.1834258e-01   1.0934627e-01   1.0189145e-01   1.0802277e-01   1.2953126e-01   1.1435634e-01
   9.3814714e-02   9.0459004e-02   9.5530943e-02   9.3209851e-02   1.1689544e-01   1.1463742e-01   1.1495591e-01   1.0742868e-01   1.0031262e-01   1.0595240e-01   1.2735590e-01   1.1168745e-01
   8.9576490e-02   8.5180194e-02   8.7859675e-02   8.6255620e-02   1.1075647e-01   1.0952558e-01   1.1003996e-01   1.0409534e-01   9.7577736e-02   1.0313395e-01   1.2429637e-01   1.0777324e-01
   8.5337163e-02   7.9905840e-02   8.0197535e-02   7.9308830e-02   1.0462563e-01   1.0441938e-01   1.0512451e-01   1.0075000e-01   9.4832369e-02   1.0031080e-01   1.2123189e-01   1.0385566e-01
   8.1096857e-02   7.4636322e-02   7.2545178e-02   7.2370040e-02   9.8503470e-02   9.9319238e-02   1.0020977e-01   9.7392313e-02   9.2076219e-02   9.7482854e-02   1.1816237e-01   9.9934743e-02
   7.6957590e-02   6.9488805e-02   6.5067576e-02   6.5616186e-02   9.2589004e-02   9.4405783e-02   9.5497499e-02   9.4216618e-02   8.9469879e-02   9.4750611e-02   1.1519619e-01   9.6146860e-02
   7.3930012e-02   6.5628647e-02   5.9407936e-02   6.0808084e-02   8.8863175e-02   9.1475486e-02   9.2989868e-02   9.3141281e-02   8.8598190e-02   9.3106876e-02   1.1340423e-01   9.3842081e-02
   7.0919509e-02   6.1795759e-02   5.3790520e-02   5.6041899e-02   8.5183827e-02   8.8584993e-02   9.0518851e-02   9.2084396e-02   8.7741001e-02   9.1474885e-02   1.1162510e-01   9.1557268e-02
   6.7918507e-02   5.7978012e-02   4.8196536e-02   5.1298946e-02   8.1530187e-02   8.5716506e-02   8.8068069e-02   9.1037701e-02   8.6891822e-02   8.9849415e-02   1.0985309e-01   8.9283523e-02
   6.4931322e-02   5.4182242e-02   4.2636551e-02   4.6589672e-02   7.7913751e-02   8.2879854e-02   8.5646555e-02   9.0005737e-02   8.6054224e-02   8.8233408e-02   1.0809142e-01   8.7025823e-02
   6.1959194e-02   5.0410389e-02   3.7113554e-02   4.1917006e-02   7.4337692e-02   8.0077743e-02   8.3256788e-02   8.8989746e-02   8.5229183e-02   8.6627698e-02   1.0634100e-01   8.4785563e-02
   5.8788016e-02   4.6448064e-02   3.1428590e-02   3.7039197e-02   7.0516911e-02   7.7059517e-02   8.0609580e-02   8.7667536e-02   8.4140887e-02   8.4822091e-02   1.0440813e-01   8.2355911e-02
   5.1955256e-02   3.8835218e-02   2.2382012e-02   2.8062403e-02   6.1857995e-02   6.9786061e-02   7.3038560e-02   8.0824808e-02   7.8324745e-02   7.9414249e-02   9.9158746e-02   7.6394731e-02
   4.5149204e-02   3.1268405e-02   1.3410820e-02   1.9158310e-02   5.3277792e-02   6.2579576e-02   6.5527057e-02   7.4006108e-02   7.2526766e-02   7.4022338e-02   9.3927947e-02   7.0465177e-02
   3.8368714e-02   2.3745110e-02   4.5104531e-03   1.0322551e-02   4.4771436e-02   5.5435913e-02   5.8071527e-02   6.7210495e-02   6.6746322e-02   6.8645847e-02   8.8714998e-02   6.4565618e-02
   3.1616309e-02   1.6268820e-02  -4.3140895e-03   1.5600007e-03   3.6343987e-02   4.8359354e-02   5.0676006e-02   6.0440382e-02   6.0985370e-02   6.3286557e-02   8.3521756e-02   5.8698599e-02
   2.4910113e-02   8.8678903e-03  -1.3018743e-02  -7.0866706e-03   2.8040908e-02   4.1388518e-02   4.3375580e-02   5.3712558e-02   5.5257049e-02   5.7956204e-02   7.8361175e-02   5.2884109e-02
   1.8238424e-02   1.5220674e-03  -2.1636738e-02  -1.5649505e-02   1.9827486e-02   3.4493868e-02   3.6144021e-02   4.7016508e-02   4.9553420e-02   5.2647831e-02   7.3225123e-02   4.7108246e-02
   1.2280483e-02  -5.1161498e-03  -2.9828199e-02  -2.2824090e-02   1.3464802e-02   2.9554653e-02   3.1436752e-02   4.3201592e-02   4.6320494e-02   4.9031527e-02   6.9446479e-02   4.2545648e-02
   4.0496783e-03  -1.4293038e-02  -4.1329908e-02  -3.2384102e-02   5.3234028e-03   2.3502942e-02   2.5984273e-02   3.9138681e-02   4.2886742e-02   4.4653866e-02   6.4674819e-02   3.6595482e-02
  -4.0125563e-03  -2.3241564e-02  -5.2530565e-02  -4.1581878e-02  -2.4069806e-03   1.7827834e-02   2.0929696e-02   3.5392925e-02   3.9717629e-02   4.0475885e-02   6.0085413e-02   3.0858928e-02
  -1.3318139e-02  -3.3148994e-02  -6.3057848e-02  -5.1657803e-02  -1.2071804e-02   1.0161287e-02   1.3007164e-02   2.7370150e-02   3.2732985e-02   3.3437745e-02   5.3260701e-02   2.3374549e-02
  -2.3068356e-02  -4.3313972e-02  -7.2992031e-02  -6.1844872e-02  -2.2321806e-02   1.8494454e-03   4.0321776e-03   1.7547834e-02   2.4127934e-02   2.5190510e-02   4.5515283e-02   1.5232406e-02
  -3.2592958e-02  -5.3185643e-02  -8.2554389e-02  -7.1590191e-02  -3.2074979e-02  -6.0111986e-03  -4.4647979e-03   8.1183131e-03   1.5852402e-02   1.7198706e-02   3.8003583e-02   7.3599329e-03
  -4.1902753e-02  -6.2780669e-02  -9.1769112e-02  -8.0924175e-02  -4.1366785e-02  -1.3453885e-02  -1.2518802e-02  -9.4466416e-04   7.8847461e-03   9.4471940e-03   3.0711956e-02  -2.5943826e-04
  -5.0372466e-02  -7.1247773e-02  -1.0074108e-01  -8.9251089e-02  -4.8582116e-02  -1.8131573e-02  -1.6755549e-02  -5.0153518e-03   4.2063169e-03   4.7160547e-03   2.5406940e-02  -6.5111025e-03
  -5.8607568e-02  -7.9412554e-02  -1.0942567e-01  -9.7185824e-02  -5.5287756e-02  -2.2282193e-02  -2.0366560e-02  -8.4266377e-03   1.0894778e-03   4.0064821e-04   2.0424130e-02  -1.2462440e-02
  -6.6654551e-02  -8.7338688e-02  -1.1783750e-01  -1.0478739e-01  -6.1604340e-02  -2.6065787e-02  -2.3571817e-02  -1.1463664e-02  -1.7105584e-03  -3.6707009e-03   1.5650736e-02  -1.8191381e-02
  -7.3815131e-02  -9.4403764e-02  -1.2492551e-01  -1.1100212e-01  -6.6896887e-02  -2.9388206e-02  -2.6437959e-02  -1.4691522e-02  -4.8887634e-03  -8.0676599e-03   1.0687678e-02  -2.3764259e-02
  -7.9671158e-02  -1.0024105e-01  -1.3005941e-01  -1.1520318e-01  -7.0803527e-02  -3.2221893e-02  -2.9040643e-02  -1.8493056e-02  -8.9038709e-03  -1.3164945e-02   5.2691945e-03  -2.9241091e-02
  -8.5713832e-02  -1.0623982e-01  -1.3544732e-01  -1.1980487e-01  -7.4776459e-02  -3.4727404e-02  -3.1215927e-02  -2.1601840e-02  -1.2227553e-02  -1.7755745e-02   1.2079935e-04  -3.4569707e-02
  -9.2347020e-02  -1.1281773e-01  -1.4164930e-01  -1.2560797e-01  -7.9243126e-02  -3.6813134e-02  -3.2781481e-02  -2.3475455e-02  -1.4269865e-02  -2.1421778e-02  -4.6093568e-03  -3.9765283e-02
  -9.8933845e-02  -1.1933560e-01  -1.4778559e-01  -1.3133206e-01  -8.3610588e-02  -3.8798760e-02  -3.4235135e-02  -2.5239439e-02  -1.6216820e-02  -2.5013596e-02  -9.2777694e-03  -4.4898575e-02
  -1.0547976e-01  -1.2580055e-01  -1.5386403e-01  -1.3698662e-01  -8.7890833e-02  -4.0696457e-02  -3.5590521e-02  -2.6907138e-02  -1.8080015e-02  -2.8540157e-02  -1.3891837e-02  -4.9977032e-02
  -1.1198843e-01  -1.3221737e-01  -1.5988985e-01  -1.4257798e-01  -9.2091887e-02  -4.2514372e-02  -3.6856763e-02  -2.8487484e-02  -1.9867209e-02  -3.2007459e-02  -1.8456513e-02  -5.5005644e-02
  -1.1827194e-01  -1.3839728e-01  -1.6564989e-01  -1.4797831e-01  -9.6155765e-02  -4.4292963e-02  -3.8091301e-02  -3.0066151e-02  -2.1645630e-02  -3.5419066e-02  -2.2943239e-02  -5.9905393e-02
  -1.1914716e-01  -1.3935088e-01  -1.6678388e-01  -1.4912909e-01  -9.6901180e-02  -4.4494475e-02  -3.7422486e-02  -2.9828029e-02  -2.1911854e-02  -3.7077235e-02  -2.6061665e-02  -6.2256879e-02
  -1.1939383e-01  -1.3971841e-01  -1.6738167e-01  -1.4974410e-01  -9.7144966e-02  -4.4398343e-02  -3.6422661e-02  -2.9310578e-02  -2.1964554e-02  -3.8546161e-02  -2.9058470e-02  -6.4316699e-02
  -1.1954690e-01  -1.3997430e-01  -1.6786162e-01  -1.5024016e-01  -9.7263072e-02  -4.4191923e-02  -3.5299173e-02  -2.8671881e-02  -2.1909070e-02  -3.9919201e-02  -3.1969347e-02  -6.6283837e-02
  -1.1957946e-01  -1.4008645e-01  -1.6818984e-01  -1.5058305e-01  -9.7219348e-02  -4.3843517e-02  -3.4016545e-02  -2.7877118e-02  -2.1714297e-02  -4.1168681e-02  -3.4769370e-02  -6.8131495e-02
  -1.1944940e-01  -1.4000462e-01  -1.6831326e-01  -1.5071922e-01  -9.6957283e-02  -4.3303584e-02  -3.2519372e-02  -2.6871892e-02  -2.1331618e-02  -4.2251283e-02  -3.7419455e-02  -6.9817702e-02
  -1.2032036e-01  -1.4101482e-01  -1.6990043e-01  -1.5204773e-01  -9.7727550e-02  -4.3069238e-02  -3.1346279e-02  -2.5787197e-02  -2.0741214e-02  -4.3039317e-02  -4.0060916e-02  -7.2081042e-02
  -1.2157387e-01  -1.4242286e-01  -1.7208544e-01  -1.5381640e-01  -9.8833047e-02  -4.2785683e-02  -3.0108310e-02  -2.4410985e-02  -1.9811828e-02  -4.3462177e-02  -4.2519572e-02  -7.4484195e-02
  -1.2203442e-01  -1.4291503e-01  -1.7318203e-01  -1.5452533e-01  -9.8987122e-02  -4.1817483e-02  -2.8113414e-02  -2.2325696e-02  -1.8296544e-02  -4.3287984e-02  -4.4438256e-02  -7.6194024e-02
  -1.1912095e-01  -1.3959165e-01  -1.6941938e-01  -1.5061723e-01  -9.5389373e-02  -3.8607974e-02  -2.3668040e-02  -1.8104958e-02  -1.5204337e-02  -4.1233905e-02  -4.4630037e-02  -7.5233487e-02
  -1.1585587e-01  -1.3584198e-01  -1.6522982e-01  -1.4626587e-01  -9.1296912e-02  -3.4930844e-02  -1.8700943e-02  -1.3356131e-02  -1.1628640e-02  -3.8751928e-02  -4.4436769e-02  -7.3892973e-02
  -1.1377385e-01  -1.3321426e-01  -1.6277298e-01  -1.4352886e-01  -8.9494620e-02  -3.3126426e-02  -1.5903564e-02  -1.0775065e-02  -9.7325090e-03  -3.7449639e-02  -4.4941665e-02  -7.3662150e-02
  -1.1223889e-01  -1.3105777e-01  -1.6116256e-01  -1.4155741e-01  -8.8844675e-02  -3.2231726e-02  -1.4172268e-02  -9.2550579e-03  -8.6190429e-03  -3.6650422e-02  -4.5672032e-02  -7.3914321e-02
  -1.1029740e-01  -1.2840139e-01  -1.5906534e-01  -1.3907696e-01  -8.7632280e-02  -3.0798847e-02  -1.1846289e-02  -7.1312041e-03  -6.9431148e-03  -3.5344207e-02  -4.5929247e-02  -7.3713245e-02
  -1.0648342e-01  -1.2400115e-01  -1.5525841e-01  -1.3536232e-01  -8.5448519e-02  -2.8853412e-02  -9.2344004e-03  -4.8157990e-03  -4.9241495e-03  -3.3269246e-02  -4.5180331e-02  -7.2161972e-02
  -1.0000001e-01  -1.1717590e-01  -1.4907166e-01  -1.3000886e-01  -8.2053853e-02  -2.6389304e-02  -6.4806793e-03  -2.5075778e-03  -2.6589123e-03  -3.0266993e-02  -4.3121087e-02  -6.8763291e-02
  -9.7194685e-02  -1.1349557e-01  -1.4599838e-01  -1.2737684e-01  -8.2219834e-02  -2.7080673e-02  -6.4696981e-03  -2.6170589e-03  -2.5156572e-03  -2.8830675e-02  -4.1938996e-02  -6.7405277e-02
  -9.3671710e-02  -1.0885635e-01  -1.4189056e-01  -1.2384736e-01  -8.1801773e-02  -2.7528076e-02  -6.1909819e-03  -2.4636619e-03  -2.1324781e-03  -2.6983919e-02  -4.0153306e-02  -6.5382303e-02
  -8.7335572e-02  -1.0089137e-01  -1.3420572e-01  -1.1726609e-01  -7.9093675e-02  -2.6822303e-02  -4.8478549e-03  -1.3719937e-03  -9.6726995e-04  -2.4000897e-02  -3.6856497e-02  -6.1273347e-02
  -8.0748499e-02  -9.2655118e-02  -1.2626663e-01  -1.1043391e-01  -7.6083438e-02  -2.5817580e-02  -3.1912294e-03   3.8446573e-05   5.1345232e-04  -2.0714586e-02  -3.3262678e-02  -5.6881414e-02
  -7.5400121e-02  -8.5581578e-02  -1.1987613e-01  -1.0490439e-01  -7.4432456e-02  -2.6108064e-02  -2.7717374e-03   1.7426186e-04   6.9519522e-04  -1.8539691e-02  -3.0526291e-02  -5.3394134e-02
  -7.2949880e-02  -8.1268140e-02  -1.1704161e-01  -1.0240803e-01  -7.5993434e-02  -2.9472303e-02  -5.3195872e-03  -2.7425057e-03  -2.2233723e-03  -1.9054497e-02  -2.9935937e-02  -5.2136472e-02
  -6.9996570e-02  -7.6475766e-02  -1.1362774e-01  -9.9752401e-02  -7.7479114e-02  -3.2865474e-02  -8.2440746e-03  -6.2895626e-03  -5.4902001e-03  -1.9651090e-02  -2.9159259e-02  -5.0437359e-02
  -6.6122767e-02  -7.0834060e-02  -1.0912066e-01  -9.6961390e-02  -7.9076756e-02  -3.6609157e-02  -1.2325812e-02  -1.1578870e-02  -9.8518463e-03  -2.0718394e-02  -2.8233596e-02  -4.7991847e-02
  -6.2167818e-02  -6.5107192e-02  -1.0453043e-01  -9.4096606e-02  -8.0584165e-02  -4.0264236e-02  -1.6322647e-02  -1.6786832e-02  -1.4127154e-02  -2.1699078e-02  -2.7218146e-02  -4.5455844e-02
  -6.1814007e-02  -6.3239082e-02  -1.0392126e-01  -9.4333583e-02  -8.4309356e-02  -4.6205224e-02  -2.2163994e-02  -2.2901673e-02  -2.0130274e-02  -2.4862822e-02  -2.8496500e-02  -4.5597413e-02
  -6.2636225e-02  -6.2631921e-02  -1.0461474e-01  -9.5581970e-02  -8.8742994e-02  -5.2877982e-02  -2.8590561e-02  -2.9288727e-02  -2.6678920e-02  -2.8724805e-02  -3.0509124e-02  -4.6601722e-02
  -6.3399155e-02  -6.1962686e-02  -1.0524735e-01  -9.6776479e-02  -9.3111134e-02  -5.9486080e-02  -3.4955333e-02  -3.5616966e-02  -3.3164797e-02  -3.2523934e-02  -3.2456833e-02  -4.7540557e-02
  -6.4098830e-02  -6.1227286e-02  -1.0581502e-01  -9.7913478e-02  -9.7409235e-02  -6.6024936e-02  -4.1253928e-02  -4.1882208e-02  -3.9583453e-02  -3.6255871e-02  -3.4335233e-02  -4.8409531e-02
  -6.4377798e-02  -5.9884707e-02  -1.0537990e-01  -9.8459233e-02  -1.0072697e-01  -7.1990833e-02  -4.7347160e-02  -4.7977904e-02  -4.5796893e-02  -3.9906885e-02  -3.6093425e-02  -4.9105288e-02
  -6.7433901e-02  -6.0962178e-02  -1.0541431e-01  -1.0112066e-01  -1.0517635e-01  -7.9135492e-02  -5.5628056e-02  -5.6606744e-02  -5.4207004e-02  -4.6448992e-02  -4.0815170e-02  -5.2796359e-02
  -7.0426215e-02  -6.1979248e-02  -1.0539328e-01  -1.0373368e-01  -1.0956542e-01  -8.6191538e-02  -6.3813388e-02  -6.5148596e-02  -6.2519448e-02  -5.2894712e-02  -4.5440699e-02  -5.6394752e-02
  -7.3331747e-02  -6.2914693e-02  -1.0529761e-01  -1.0628074e-01  -1.1387197e-01  -9.3126157e-02  -7.1867594e-02  -7.3570759e-02  -7.0697897e-02  -5.9208720e-02  -4.9935294e-02  -5.9867284e-02
  -7.6117409e-02  -6.3738306e-02  -1.0510018e-01  -1.0873653e-01  -1.1806374e-01  -9.9891589e-02  -7.9738812e-02  -8.1825350e-02  -7.8689381e-02  -6.5339829e-02  -5.4248977e-02  -6.3166346e-02
  -8.0108604e-02  -6.6385797e-02  -1.0644545e-01  -1.1175536e-01  -1.2204423e-01  -1.0610886e-01  -8.7181198e-02  -8.9123633e-02  -8.5849769e-02  -7.1499166e-02  -5.9056072e-02  -6.7207472e-02
  -8.4823418e-02  -7.0206870e-02  -1.0877862e-01  -1.1507370e-01  -1.2574925e-01  -1.1175136e-01  -9.4116256e-02  -9.5556549e-02  -9.2214502e-02  -7.7478703e-02  -6.4018744e-02  -7.1589943e-02
  -8.9419082e-02  -7.3961131e-02  -1.1085200e-01  -1.1841341e-01  -1.2955528e-01  -1.1741425e-01  -1.0098724e-01  -1.0210957e-01  -9.8601624e-02  -8.3462088e-02  -6.9051212e-02  -7.6007859e-02
  -9.4269154e-02  -7.8084916e-02  -1.1271801e-01  -1.2223435e-01  -1.3413597e-01  -1.2387130e-01  -1.0849853e-01  -1.0971179e-01  -1.0586107e-01  -9.0270966e-02  -7.5080841e-02  -8.1301952e-02
  -9.8683543e-02  -8.1803500e-02  -1.1422152e-01  -1.2574294e-01  -1.3835349e-01  -1.2978407e-01  -1.1539740e-01  -1.1677530e-01  -1.1252068e-01  -9.6481395e-02  -8.0531894e-02  -8.6040638e-02
  -1.0318936e-01  -8.6015039e-02  -1.1656848e-01  -1.2982390e-01  -1.4219949e-01  -1.3453771e-01  -1.2072642e-01  -1.2198961e-01  -1.1719223e-01  -1.0098838e-01  -8.4847252e-02  -9.0284271e-02
  -1.0713766e-01  -8.9809591e-02  -1.1866910e-01  -1.3361612e-01  -1.4546724e-01  -1.3829286e-01  -1.2486596e-01  -1.2603092e-01  -1.2059628e-01  -1.0430360e-01  -8.8138891e-02  -9.3692010e-02
  -1.1026749e-01  -9.2813603e-02  -1.2007832e-01  -1.3675952e-01  -1.4808143e-01  -1.4114222e-01  -1.2800564e-01  -1.2920926e-01  -1.2306972e-01  -1.0667543e-01  -9.0483838e-02  -9.6145980e-02
  -1.1196600e-01  -9.4739990e-02  -1.2068668e-01  -1.3882415e-01  -1.4983817e-01  -1.4291765e-01  -1.3005066e-01  -1.3141214e-01  -1.2471240e-01  -1.0830586e-01  -9.2176703e-02  -9.7651793e-02
  -1.1147605e-01  -9.5266643e-02  -1.2039408e-01  -1.3928946e-01  -1.5051699e-01  -1.4346181e-01  -1.3094922e-01  -1.3255693e-01  -1.2572555e-01  -1.0953325e-01  -9.3680205e-02  -9.8285243e-02
  -1.1042808e-01  -9.5235321e-02  -1.1962669e-01  -1.3929680e-01  -1.5073002e-01  -1.4336726e-01  -1.3113707e-01  -1.3308172e-01  -1.2607344e-01  -1.1008233e-01  -9.4497824e-02  -9.8244501e-02
  -1.0889483e-01  -9.4714754e-02  -1.1844593e-01  -1.3890244e-01  -1.5053367e-01  -1.4271289e-01  -1.3070085e-01  -1.3306068e-01  -1.2583650e-01  -1.1003434e-01  -9.4710674e-02  -9.7612624e-02
  -1.0763733e-01  -9.4787876e-02  -1.1802684e-01  -1.3905041e-01  -1.5044199e-01  -1.4166481e-01  -1.2943954e-01  -1.3220258e-01  -1.2453112e-01  -1.0889730e-01  -9.3955520e-02  -9.6603453e-02
  -1.0602162e-01  -9.4485980e-02  -1.1728667e-01  -1.3888873e-01  -1.5004686e-01  -1.4021918e-01  -1.2774498e-01  -1.3096726e-01  -1.2282756e-01  -1.0735280e-01  -9.2782530e-02  -9.5173102e-02
  -1.0409884e-01  -9.3858443e-02  -1.1626137e-01  -1.3845663e-01  -1.4940046e-01  -1.3846497e-01  -1.2573614e-01  -1.2946309e-01  -1.2085419e-01  -1.0553711e-01  -9.1329654e-02  -9.3425727e-02
  -9.8762620e-02  -9.0960332e-02  -1.1379185e-01  -1.3624931e-01  -1.4641590e-01  -1.3326638e-01  -1.2060353e-01  -1.2523351e-01  -1.1672128e-01  -1.0217754e-01  -8.8925310e-02  -8.9505447e-02
  -9.3255354e-02  -8.7852232e-02  -1.1112818e-01  -1.3386531e-01  -1.4328120e-01  -1.2789597e-01  -1.1528854e-01  -1.2084871e-01  -1.1242168e-01  -9.8637709e-02  -8.6321629e-02  -8.5381346e-02
  -8.7606331e-02  -8.4568434e-02  -1.0830197e-01  -1.3133338e-01  -1.4002128e-01  -1.2238310e-01  -1.0982214e-01  -1.1633498e-01  -1.0798345e-01  -9.4947457e-02  -8.3551004e-02  -8.1087211e-02
  -8.1570572e-02  -8.0918902e-02  -1.0479500e-01  -1.2813295e-01  -1.3575371e-01  -1.1612167e-01  -1.0383860e-01  -1.1127942e-01  -1.0300243e-01  -9.0703189e-02  -8.0374473e-02  -7.6497964e-02
  -7.4732647e-02  -7.6572267e-02  -9.9750503e-02  -1.2340567e-01  -1.2904165e-01  -1.0811592e-01  -9.6727080e-02  -1.0499888e-01  -9.6808208e-02  -8.5233865e-02  -7.6383434e-02  -7.1387160e-02
  -6.7742876e-02  -7.2044948e-02  -9.4504891e-02  -1.1849049e-01  -1.2212810e-01  -9.9921927e-02  -8.9442559e-02  -9.8560875e-02  -9.0448183e-02  -7.9586972e-02  -7.2214613e-02  -6.6108403e-02
  -6.0297025e-02  -6.6950312e-02  -8.8724985e-02  -1.1306183e-01  -1.1452068e-01  -9.1018233e-02  -8.1407234e-02  -9.1407526e-02  -8.3366326e-02  -7.3182294e-02  -6.7344488e-02  -6.0255701e-02
  -5.0312330e-02  -5.8617244e-02  -8.0277597e-02  -1.0500292e-01  -1.0270093e-01  -7.7576519e-02  -6.8250992e-02  -7.9285418e-02  -7.1357972e-02  -6.1655234e-02  -5.7907917e-02  -5.0937118e-02
  -4.0124466e-02  -5.0036769e-02  -7.1524080e-02  -9.6662678e-02  -9.0631810e-02  -6.3927982e-02  -5.4935716e-02  -6.7028243e-02  -5.9195716e-02  -4.9954208e-02  -4.8273233e-02  -4.1407501e-02
  -2.9711489e-02  -4.1175869e-02  -6.2420513e-02  -8.8001216e-02  -7.8285665e-02  -5.0055675e-02  -4.1453015e-02  -5.4630433e-02  -4.6870245e-02  -3.8065323e-02  -3.8418546e-02  -3.1642324e-02
  -1.9086628e-02  -3.2042802e-02  -5.2973292e-02  -7.9025020e-02  -6.5677840e-02  -3.5979789e-02  -2.7824202e-02  -4.2112037e-02  -3.4400702e-02  -2.6006016e-02  -2.8356140e-02  -2.1653167e-02
  -8.2526538e-03  -2.2629584e-02  -4.3167002e-02  -6.9720803e-02  -5.2810445e-02  -2.1712878e-02  -1.4067307e-02  -2.9491183e-02  -2.1802384e-02  -1.3787503e-02  -1.8087827e-02  -1.1439783e-02
   2.8025555e-03  -1.2899682e-02  -3.2945835e-02  -6.0038954e-02  -3.9666122e-02  -7.2612530e-03  -2.0323047e-04  -1.6791020e-02  -9.0914036e-03  -1.4163472e-03  -7.6000823e-03  -9.8359084e-04
   1.4039433e-02  -2.8817831e-03  -2.2335793e-02  -5.0004879e-02  -2.6291216e-02   7.3181076e-03   1.3709841e-02  -4.0657997e-03   3.6796186e-03   1.1058399e-02   3.0700390e-03   9.6796749e-03
   2.5065163e-02   7.8631180e-03  -1.0470623e-02  -3.8317041e-02  -1.1717493e-02   2.2196963e-02   2.8363814e-02   9.6206352e-03   1.6132847e-02   2.4245153e-02   1.5274606e-02   2.0678916e-02
   3.6054691e-02   1.9060764e-02   2.1097530e-03  -2.5779368e-02   3.3874030e-03   3.7150842e-02   4.3209120e-02   2.3595926e-02   2.8384274e-02   3.7680141e-02   2.8186194e-02   3.1919228e-02
   4.7232284e-02   3.1332423e-02   1.5977351e-02  -1.1973864e-02   1.8941643e-02   5.1853159e-02   5.7611788e-02   3.7346866e-02   4.0142604e-02   5.1064629e-02   4.2196433e-02   4.3976365e-02
   6.1002654e-02   4.6474140e-02   3.3160505e-02   5.1258890e-03   3.8145290e-02   6.9962761e-02   7.5334633e-02   5.4237487e-02   5.4593586e-02   6.7541943e-02   5.9408591e-02   5.8794157e-02
   6.9473104e-02   5.5812774e-02   4.3833827e-02   1.5740670e-02   5.0001288e-02   8.1099121e-02   8.6214635e-02   6.4574827e-02   6.3446170e-02   7.7665047e-02   6.9945908e-02   6.7871001e-02
   8.0487531e-02   6.7966599e-02   5.7756736e-02   2.9584381e-02   6.5436512e-02   9.5578747e-02   1.0035307e-01   7.7994558e-02   7.4941982e-02   9.0823193e-02   8.3626608e-02   7.9657844e-02
   8.7918352e-02   7.6178951e-02   6.7203739e-02   3.8974181e-02   7.5872431e-02   1.0534566e-01   1.0988018e-01   8.7020774e-02   8.2678533e-02   9.9693777e-02   9.2830028e-02   8.7590021e-02
   9.5308487e-02   8.4353021e-02   7.6627113e-02   4.8338703e-02   8.6262987e-02   1.1505821e-01   1.1934923e-01   9.5983345e-02   9.0362817e-02   1.0851242e-01   1.0196943e-01   9.5468489e-02
   1.0167036e-01   9.1319121e-02   8.5167669e-02   5.6804387e-02   9.5206480e-02   1.2331907e-01   1.2744826e-01   1.0369135e-01   9.6674680e-02   1.1598368e-01   1.0984916e-01   1.0212027e-01
   1.0488838e-01   9.4570678e-02   9.0985906e-02   6.2500918e-02   9.9699458e-02   1.2713432e-01   1.3136677e-01   1.0759445e-01   9.8784730e-02   1.1933191e-01   1.1390889e-01   1.0503242e-01
   1.0804267e-01   9.7757413e-02   9.6756190e-02   6.8147749e-02   1.0411443e-01   1.3086363e-01   1.3519712e-01   1.1140611e-01   1.0081477e-01   1.2259919e-01   1.1787648e-01   1.0786477e-01
   1.1113791e-01   1.0088411e-01   1.0248029e-01   7.3746885e-02   1.0845685e-01   1.3451359e-01   1.3894607e-01   1.1513343e-01   1.0277170e-01   1.2579185e-01   1.2175904e-01   1.1062378e-01
   1.1485134e-01   1.0471842e-01   1.0862794e-01   7.9793614e-02   1.1369996e-01   1.3915128e-01   1.4368215e-01   1.1983910e-01   1.0558466e-01   1.2982682e-01   1.2656004e-01   1.1423746e-01
   1.1912948e-01   1.0919785e-01   1.1516342e-01   8.6250003e-02   1.1976354e-01   1.4468873e-01   1.4931781e-01   1.2543698e-01   1.0917818e-01   1.3463025e-01   1.3219959e-01   1.1863051e-01
   1.2331742e-01   1.1358667e-01   1.2156967e-01   9.2578522e-02   1.2570810e-01   1.5011538e-01   1.5483948e-01   1.3091911e-01   1.1269387e-01   1.3933293e-01   1.3771964e-01   1.2293143e-01
   1.2731189e-01   1.1778020e-01   1.2769672e-01   9.8630835e-02   1.3139531e-01   1.5530298e-01   1.6011552e-01   1.3615242e-01   1.1604305e-01   1.4381932e-01   1.4298345e-01   1.2703461e-01
   1.3113800e-01   1.2180077e-01   1.3357404e-01   1.0443626e-01   1.3685159e-01   1.6027785e-01   1.6517400e-01   1.4116742e-01   1.1924901e-01   1.4811713e-01   1.4802478e-01   1.3096533e-01
   1.3480014e-01   1.2565299e-01   1.3920833e-01   1.1000142e-01   1.4208316e-01   1.6504568e-01   1.7002069e-01   1.4596985e-01   1.2231542e-01   1.5223127e-01   1.5284943e-01   1.3472810e-01
   1.3831125e-01   1.2934898e-01   1.4461617e-01   1.1534277e-01   1.4710507e-01   1.6962099e-01   1.7467085e-01   1.5057580e-01   1.2525394e-01   1.5617609e-01   1.5747468e-01   1.3833603e-01
   1.4148715e-01   1.3267955e-01   1.4953083e-01   1.2015986e-01   1.5151223e-01   1.7367198e-01   1.7882752e-01   1.5470236e-01   1.2784978e-01   1.5971625e-01   1.6163755e-01   1.4158797e-01
   1.4245751e-01   1.3353942e-01   1.5125795e-01   1.2143571e-01   1.5129410e-01   1.7389670e-01   1.7951819e-01   1.5550600e-01   1.2794987e-01   1.6047914e-01   1.6267723e-01   1.4244930e-01
   1.4339336e-01   1.3436869e-01   1.5292289e-01   1.2266596e-01   1.5108515e-01   1.7411434e-01   1.8018474e-01   1.5628148e-01   1.2804737e-01   1.6121526e-01   1.6368025e-01   1.4328012e-01
   1.4429317e-01   1.3516604e-01   1.5452448e-01   1.2384905e-01   1.5088277e-01   1.7432265e-01   1.8082516e-01   1.5702664e-01   1.2814011e-01   1.6192265e-01   1.6464430e-01   1.4407881e-01
   1.4514430e-01   1.3592043e-01   1.5604891e-01   1.2497080e-01   1.5067293e-01   1.7450795e-01   1.8142521e-01   1.5772590e-01   1.2821553e-01   1.6258713e-01   1.6555214e-01   1.4483256e-01
   1.4596879e-01   1.3665007e-01   1.5754114e-01   1.2607615e-01   1.5052105e-01   1.7472004e-01   1.8202114e-01   1.5843031e-01   1.2829589e-01   1.6326260e-01   1.6645106e-01   1.4558327e-01
   1.4706374e-01   1.3760340e-01   1.5954358e-01   1.2771017e-01   1.5118909e-01   1.7555461e-01   1.8306836e-01   1.5975741e-01   1.2868220e-01   1.6458932e-01   1.6792797e-01   1.4683756e-01
   1.4811084e-01   1.3851488e-01   1.6146590e-01   1.2927816e-01   1.5183237e-01   1.7635549e-01   1.8407088e-01   1.6103049e-01   1.2904836e-01   1.6586351e-01   1.6934319e-01   1.4804108e-01
   1.4911183e-01   1.3938603e-01   1.6331087e-01   1.3078243e-01   1.5245173e-01   1.7712387e-01   1.8503032e-01   1.6225145e-01   1.2939517e-01   1.6708699e-01   1.7069891e-01   1.4919559e-01
   1.5006691e-01   1.4021700e-01   1.6507990e-01   1.3222402e-01   1.5304788e-01   1.7786027e-01   1.8594703e-01   1.6342109e-01   1.2972223e-01   1.6826077e-01   1.7199580e-01   1.5030189e-01
   1.5098010e-01   1.4101136e-01   1.6677766e-01   1.3360698e-01   1.5362169e-01   1.7856675e-01   1.8682444e-01   1.6454282e-01   1.3003215e-01   1.6938772e-01   1.7323826e-01   1.5136312e-01
   1.5185378e-01   1.4177120e-01   1.6840748e-01   1.3493413e-01   1.5417399e-01   1.7924476e-01   1.8766470e-01   1.6561900e-01   1.3032622e-01   1.7047000e-01   1.7442909e-01   1.5238145e-01
   1.5268134e-01   1.4249060e-01   1.6996424e-01   1.3620067e-01   1.5470494e-01   1.7989186e-01   1.8846249e-01   1.6664536e-01   1.3059903e-01   1.7150473e-01   1.7556208e-01   1.5335312e-01
   1.5346885e-01   1.4317496e-01   1.7145421e-01   1.3741214e-01   1.5521532e-01   1.8051088e-01   1.8922292e-01   1.6762666e-01   1.3085486e-01   1.7249570e-01   1.7664353e-01   1.5428244e-01
   1.5419888e-01   1.4380870e-01   1.7286120e-01   1.3855396e-01   1.5570395e-01   1.8109443e-01   1.8993160e-01   1.6855022e-01   1.3108061e-01   1.7343337e-01   1.7765601e-01   1.5515801e-01
   1.5487496e-01   1.4439502e-01   1.7418681e-01   1.3962786e-01   1.5617006e-01   1.8164339e-01   1.9059121e-01   1.6941770e-01   1.3127969e-01   1.7431844e-01   1.7860241e-01   1.5598123e-01
   1.5547134e-01   1.4491097e-01   1.7540382e-01   1.4060988e-01   1.5660987e-01   1.8214561e-01   1.9118000e-01   1.7020861e-01   1.3143421e-01   1.7513439e-01   1.7945566e-01   1.5673346e-01
   1.5603407e-01   1.4539757e-01   1.7656208e-01   1.4154372e-01   1.5703083e-01   1.8262324e-01   1.9173702e-01   1.7096023e-01   1.3157564e-01   1.7591162e-01   1.8026460e-01   1.5744867e-01
   1.5652811e-01   1.4582368e-01   1.7762064e-01   1.4239393e-01   1.5742546e-01   1.8305830e-01   1.9223211e-01   1.7164257e-01   1.3168136e-01   1.7662477e-01   1.8099091e-01   1.5809936e-01
   1.5652811e-01   1.4582368e-01   1.7762064e-01   1.4239393e-01   1.5742546e-01   1.8305830e-01   1.9223211e-01   1.7164257e-01   1.3168136e-01   1.7662477e-01   1.8099091e-01   1.5809936e-01
   1.5652811e-01   1.4582368e-01   1.7762064e-01   1.4239393e-01   1.5742546e-01   1.8305830e-01   1.9223211e-01   1.7164257e-01   1.3168136e-01   1.7662477e-01   1.8099091e-01   1.5809936e-01
   1.5652811e-01   1.4582368e-01   1.7762064e-01   1.4239393e-01   1.5742546e-01   1.8305830e-01   1.9223211e-01   1.7164257e-01   1.3168136e-01   1.7662477e-01   1.8099091e-01   1.5809936e-01
   1.5652811e-01   1.4582368e-01   1.7762064e-01   1.4239393e-01   1.5742546e-01   1.8305830e-01   1.9223211e-01   1.7164257e-01   1.3168136e-01   1.7662477e-01   1.8099091e-01   1.5809936e-01
   1.5652811e-01   1.4582368e-01   1.7762064e-01   1.4239393e-01   1.5742546e-01   1.8305830e-01   1.9223211e-01   1.7164257e-01   1.3168136e-01   1.7662477e-01   1.8099091e-01   1.5809936e-01
   1.5652811e-01   1.4582368e-01   1.7762064e-01   1.4239393e-01   1.5742546e-01   1.8305830e-01   1.9223211e-01   1.7164257e-01   1.3168136e-01   1.7662477e-01   1.8099091e-01   1.5809936e-01
   1.5652811e-01   1.4582368e-01   1.7762064e-01   1.4239393e-01   1.5742546e-01   1.8305830e-01   1.9223211e-01   1.7164257e-01   1.3168136e-01   1.7662477e-01   1.8099091e-01   1.5809936e-01
   1.5652811e-01   1.4582368e-01   1.7762064e-01   1.4239393e-01   1.5742546e-01   1.8305830e-01   1.9223211e-01   1.7164257e-01   1.3168136e-01   1.7662477e-01   1.8099091e-01   1.5809936e-01
   1.5652811e-01   1.4582368e-01   1.7762064e-01   1.4239393e-01   1.5742546e-01   1.8305830e-01   1.9223211e-01   1.7164257e-01   1.3168136e-01   1.7662477e-01   1.8099091e-01   1.5809936e-01
   1.5652811e-01   1.4582368e-01   1.7762064e-01   1.4239393e-01   1.5742546e-01   1.8305830e-01   1.9223211e-01   1.7164257e-01   1.3168136e-01   1.7662477e-01   1.8099091e-01   1.5809936e-01
